OMIENZO TELEMETRIA
563613.00 0.00 0.00 0.00 0.00 0.00 0.00 0.00 0.00
564613.00 0.00 0.00 0.00 0.00 0.00 0.00 0.00 0.00
565615.00 0.00 0.00 0.00 0.00 0.00 0.00 0.00 0.00
566613.00 2.00 0.00 0.00 0.00 0.00 0.00 0.00 0.00
567613.00 6.00 3.00 0.00 0.00 0.00 0.00 0.00 0.00
568613.00 14.00 9.00 0.00 0.00 0.00 0.00 0.00 0.00
569613.00 24.00 12.00 0.00 0.00 0.00 0.00 0.00 0.00
570613.00 29.00 14.00 0.00 0.00 0.00 0.00 0.00 0.00
571613.00 33.00 16.00 0.00 0.00 0.00 0.00 0.00 0.00
572613.00 35.00 21.00 0.00 0.00 0.00 0.00 0.00 0.00
573617.00 39.00 38.00 0.00 0.00 0.00 0.00 0.00 0.00
574613.00 46.00 48.00 0.00 0.00 0.00 0.00 0.00 0.00
575613.00 63.00 52.00 0.00 0.00 0.00 0.00 0.00 0.00
576615.00 71.00 57.00 0.00 0.00 0.00 0.00 0.00 0.00
577613.00 76.00 71.00 0.00 0.00 0.00 0.00 0.00 0.00
578613.00 84.00 87.00 0.00 0.00 0.00 0.00 0.00 0.00
579613.00 104.00 92.00 0.00 0.00 0.00 0.00 0.00 0.00
580614.00 113.00 100.00 0.00 0.00 0.00 0.00 0.00 0.00
581613.00 119.00 122.00 0.00 0.00 0.00 0.00 0.00 0.00
582614.00 138.00 131.00 0.00 0.00 0.00 0.00 0.00 0.00
583614.00 151.00 141.00 0.00 0.00 0.00 0.00 0.00 0.00
584613.00 157.00 164.00 0.00 0.00 0.00 0.00 0.00 0.00
585615.00 173.00 171.00 0.00 0.00 0.00 0.00 0.00 0.00
586615.00 192.00 187.00 0.00 0.00 0.00 0.00 0.00 0.00
587613.00 198.00 207.00 0.00 0.00 0.00 0.00 0.00 0.00
588613.00 218.00 214.00 0.00 0.00 0.00 0.00 0.00 0.00
589613.00 233.00 239.00 0.00 0.00 0.00 0.00 0.00 0.00
590613.00 243.00 250.00 0.00 0.00 0.00 0.00 0.00 0.00
591616.00 270.00 268.00 0.00 0.00 0.00 0.00 0.00 0.00
592613.00 277.00 288.00 0.00 0.00 0.00 0.00 0.00 0.00
593617.00 300.00 298.00 0.00 0.00 0.00 0.00 0.00 0.00
594613.00 314.00 325.00 0.00 0.00 0.00 0.00 0.00 0.00
595617.00 327.00 334.00 0.00 0.00 0.00 0.00 0.00 0.00
596613.00 352.00 362.00 0.00 0.00 0.00 0.00 0.00 0.00
597617.00 363.00 373.00 0.00 0.00 0.00 0.00 0.00 0.00
598615.00 391.00 399.00 0.00 0.00 0.00 0.00 0.00 0.00
599613.00 400.00 413.00 0.00 0.00 0.00 0.00 0.00 0.00
600613.00 430.00 442.00 0.00 0.00 0.00 0.00 0.00 0.00
601613.00 441.00 454.00 0.00 0.00 0.00 0.00 0.00 0.00
602613.00 470.00 483.00 0.00 0.00 0.00 0.00 0.00 0.00
603617.00 481.00 495.00 0.00 0.00 0.00 0.00 0.00 0.00
604613.00 511.00 526.00 0.00 0.00 0.00 0.00 0.00 0.00
605617.00 525.00 537.00 0.00 0.00 0.00 0.00 0.00 0.00
606613.00 552.00 568.00 0.00 0.00 0.00 0.00 0.00 0.00
607617.00 567.00 585.00 0.00 0.00 0.00 0.00 0.00 0.00
608617.00 594.00 609.00 0.00 0.00 0.00 0.00 0.00 0.00
609614.00 616.00 636.00 0.00 0.00 0.00 0.00 0.00 0.00
610615.00 636.00 651.00 0.00 0.00 0.00 0.00 0.00 0.00
611613.00 664.00 683.00 0.00 0.00 0.00 0.00 0.00 0.00
612613.00 679.00 696.00 0.00 0.00 0.00 0.00 0.00 0.00
613613.00 710.00 727.00 0.00 0.00 0.00 0.00 0.00 0.00
614618.00 723.00 750.00 0.00 0.00 0.00 0.00 0.00 0.00
615615.00 753.00 769.00 0.00 0.00 0.00 0.00 0.00 0.00
616613.00 772.00 800.00 0.00 0.00 0.00 0.00 0.00 0.00
617613.00 796.00 815.00 0.00 0.00 0.00 0.00 0.00 0.00
618612.00 828.00 846.00 0.00 0.00 0.00 0.00 0.00 0.00
619614.00 844.00 874.00 0.00 0.00 0.00 0.00 0.00 0.00
620617.00 874.00 891.00 0.00 0.00 0.00 0.00 0.00 0.00
621614.00 902.00 924.00 0.00 0.00 0.00 0.00 0.00 0.00
622614.00 919.00 948.00 0.00 0.00 0.00 0.00 0.00 0.00
623613.00 952.00 968.00 0.00 0.00 0.00 0.00 0.00 0.00
624617.00 973.00 1002.00 0.00 0.00 0.00 0.00 0.00 0.00
625613.00 996.00 1027.00 0.00 0.00 0.00 0.00 0.00 0.00
626613.00 1029.00 1047.00 0.00 0.00 0.00 0.00 0.00 0.00
627613.00 1047.00 1081.00 0.00 0.00 0.00 0.00 0.00 0.00
628613.00 1076.00 1111.00 0.00 0.00 0.00 0.00 0.00 0.00
629613.00 1109.00 1127.00 0.00 0.00 0.00 0.00 0.00 0.00
630613.00 1124.00 1160.00 0.00 0.00 0.00 0.00 0.00 0.00
631617.00 1155.00 1193.00 0.00 0.00 0.00 0.00 0.00 0.00
632617.00 1188.00 1212.00 0.00 0.00 0.00 0.00 0.00 0.00
633613.00 1204.00 1242.00 0.00 0.00 0.00 0.00 0.00 0.00
634613.00 1235.00 1275.00 0.00 0.00 0.00 0.00 0.00 0.00
635616.00 1267.00 1299.00 0.00 0.00 0.00 0.00 0.00 0.00
636621.00 1283.00 1324.00 0.00 0.00 0.00 0.00 0.00 0.00
637613.00 1315.00 1358.00 0.00 0.00 0.00 0.00 0.00 0.00
638614.00 1349.00 1389.00 0.00 0.00 0.00 0.00 0.00 0.00
639618.00 1371.00 1408.00 0.00 0.00 0.00 0.00 0.00 0.00
640614.00 1398.00 1441.00 0.00 0.00 0.00 0.00 0.00 0.00
641619.00 1433.00 1477.00 0.00 0.00 0.00 0.00 0.00 0.00
642619.00 1464.00 1505.00 0.00 0.00 0.00 0.00 0.00 0.00
643613.00 1482.00 1527.00 0.00 0.00 0.00 0.00 0.00 0.00
644615.00 1515.00 1561.00 0.00 0.00 0.00 0.00 0.00 0.00
645613.00 1549.00 1596.00 0.00 0.00 0.00 0.00 0.00 0.00
646614.00 1571.00 1625.00 0.00 0.00 0.00 0.00 0.00 0.00
647617.00 1597.00 1647.00 0.00 0.00 0.00 0.00 0.00 0.00
648615.00 1632.00 1680.00 0.00 0.00 0.00 0.00 0.00 0.00
649613.00 1658.00 1714.00 0.00 0.00 0.00 0.00 0.00 0.00
650613.00 1680.00 1739.00 0.00 0.00 0.00 0.00 0.00 0.00
651619.00 1715.00 1762.00 0.00 0.00 0.00 0.00 0.00 0.00
652613.00 1749.00 1796.00 0.00 0.00 0.00 0.00 0.00 0.00
653617.00 1767.00 1831.00 0.00 0.00 0.00 0.00 0.00 0.00
654614.00 1796.00 1856.00 0.00 0.00 0.00 0.00 0.00 0.00
655617.00 1829.00 1883.00 0.00 0.00 0.00 0.00 0.00 0.00
656613.00 1852.00 1916.00 0.00 0.00 0.00 0.00 0.00 0.00
657613.00 1881.00 1951.00 0.00 0.00 0.00 0.00 0.00 0.00
658613.00 1915.00 1980.00 0.00 0.00 0.00 0.00 0.00 0.00
659613.00 1951.00 2006.00 0.00 0.00 0.00 0.00 0.00 0.00
660613.00 1980.00 2038.00 0.00 0.00 0.00 0.00 0.00 0.00
661614.00 2002.00 2073.00 0.00 0.00 0.00 0.00 0.00 0.00
662613.00 2036.00 2106.00 0.00 0.00 0.00 0.00 0.00 0.00
663616.00 2071.00 2130.00 0.00 0.00 0.00 0.00 0.00 0.00
664619.00 2097.00 2156.00 0.00 0.00 0.00 0.00 0.00 0.00
665613.00 2121.00 2190.00 0.00 0.00 0.00 0.00 0.00 0.00
666613.00 2154.00 2226.00 0.00 0.00 0.00 0.00 0.00 0.00
667613.00 2188.00 2258.00 0.00 0.00 0.00 0.00 0.00 0.00
668619.00 2211.00 2281.00 0.00 0.00 0.00 0.00 0.00 0.00
669613.00 2238.00 2309.00 0.00 0.00 0.00 0.00 0.00 0.00
670613.00 2273.00 2344.00 0.00 0.00 0.00 0.00 0.00 0.00
671614.00 2306.00 2380.00 0.00 0.00 0.00 0.00 0.00 0.00
672618.00 2325.00 2412.00 0.00 0.00 0.00 0.00 0.00 0.00
673617.00 2357.00 2432.00 0.00 0.00 0.00 0.00 0.00 0.00
674613.00 2393.00 2465.00 0.00 0.00 0.00 0.00 0.00 0.00
675617.00 2429.00 2500.00 0.00 0.00 0.00 0.00 0.00 0.00
676612.00 2463.00 2535.00 0.00 0.00 0.00 0.00 0.00 0.00
677614.00 2485.00 2567.00 0.00 0.00 0.00 0.00 0.00 0.00
678619.00 2518.00 2590.00 0.00 0.00 0.00 0.00 0.00 0.00
679613.00 2552.00 2623.00 0.00 0.00 0.00 0.00 0.00 0.00
680615.00 2586.00 2659.00 0.00 0.00 0.00 0.00 0.00 0.00
681612.00 2609.00 2695.00 0.00 0.00 0.00 0.00 0.00 0.00
682617.00 2637.00 2727.00 0.00 0.00 0.00 0.00 0.00 0.00
683615.00 2673.00 2750.00 0.00 0.00 0.00 0.00 0.00 0.00
684616.00 2707.00 2784.00 0.00 0.00 0.00 0.00 0.00 0.00
685615.00 2728.00 2820.00 0.00 0.00 0.00 0.00 0.00 0.00
686613.00 2758.00 2857.00 0.00 0.00 0.00 0.00 0.00 0.00
687613.00 2793.00 2892.00 0.00 0.00 0.00 0.00 0.00 0.00
688619.00 2830.00 2921.00 0.00 0.00 0.00 0.00 0.00 0.00
689616.00 2863.00 2950.00 0.00 0.00 0.00 0.00 0.00 0.00
690613.00 2885.00 2984.00 0.00 0.00 0.00 0.00 0.00 0.00
691613.00 2918.00 3020.00 0.00 0.00 0.00 0.00 0.00 0.00
692613.00 2954.00 3058.00 0.00 0.00 0.00 0.00 0.00 0.00
693613.00 2991.00 3093.00 0.00 0.00 0.00 0.00 0.00 0.00
694618.00 3023.00 3126.00 0.00 0.00 0.00 0.00 0.00 0.00
695617.00 3047.00 3151.00 0.00 0.00 0.00 0.00 0.00 0.00
696612.00 3079.00 3185.00 0.00 0.00 0.00 0.00 0.00 0.00
697613.00 3114.00 3221.00 0.00 0.00 0.00 0.00 0.00 0.00
698613.00 3150.00 3258.00 0.00 0.00 0.00 0.00 0.00 0.00
699613.00 3180.00 3294.00 0.00 0.00 0.00 0.00 0.00 0.00
700617.00 3201.00 3325.00 0.00 0.00 0.00 0.00 0.00 0.00
701617.00 3236.00 3352.00 0.00 0.00 0.00 0.00 0.00 0.00
702613.00 3271.00 3384.00 0.00 0.00 0.00 0.00 0.00 0.00
703617.00 3302.00 3421.00 0.00 0.00 0.00 0.00 0.00 0.00
704613.00 3327.00 3458.00 0.00 0.00 0.00 0.00 0.00 0.00
705613.00 3358.00 3494.00 0.00 0.00 0.00 0.00 0.00 0.00
706617.00 3393.00 3529.00 0.00 0.00 0.00 0.00 0.00 0.00
707617.00 3429.00 3553.00 0.00 0.00 0.00 0.00 0.00 0.00
708614.00 3462.00 3585.00 0.00 0.00 0.00 0.00 0.00 0.00
709617.00 3495.00 3622.00 0.00 0.00 0.00 0.00 0.00 0.00
710613.00 3518.00 3659.00 0.00 0.00 0.00 0.00 0.00 0.00
711613.00 3553.00 3696.00 0.00 0.00 0.00 0.00 0.00 0.00
712613.00 3588.00 3726.00 0.00 0.00 0.00 0.00 0.00 0.00
713613.00 3620.00 3756.00 0.00 0.00 0.00 0.00 0.00 0.00
714612.00 3644.00 3786.00 0.00 0.00 0.00 0.00 0.00 0.00
715613.00 3675.00 3820.00 0.00 0.00 0.00 0.00 0.00 0.00
716615.00 3711.00 3857.00 0.00 0.00 0.00 0.00 0.00 0.00
717617.00 3745.00 3893.00 0.00 0.00 0.00 0.00 0.00 0.00
718613.00 3770.00 3928.00 0.00 0.00 0.00 0.00 0.00 0.00
719613.00 3798.00 3956.00 0.00 0.00 0.00 0.00 0.00 0.00
720613.00 3833.00 3983.00 0.00 0.00 0.00 0.00 0.00 0.00
721617.00 3870.00 4019.00 0.00 0.00 0.00 0.00 0.00 0.00
722615.00 3904.00 4056.00 0.00 0.00 0.00 0.00 0.00 0.00
723615.00 3929.00 4091.00 0.00 0.00 0.00 0.00 0.00 0.00
724613.00 3959.00 4126.00 0.00 0.00 0.00 0.00 0.00 0.00
725615.00 3994.00 4155.00 0.00 0.00 0.00 0.00 0.00 0.00
726617.00 4031.00 4183.00 0.00 0.00 0.00 0.00 0.00 0.00
727613.00 4067.00 4218.00 0.00 0.00 0.00 0.00 0.00 0.00
728617.00 4096.00 4255.00 0.00 0.00 0.00 0.00 0.00 0.00
729613.00 4121.00 4292.00 0.00 0.00 0.00 0.00 0.00 0.00
730617.00 4155.00 4329.00 0.00 0.00 0.00 0.00 0.00 0.00
731613.00 4191.00 4362.00 0.00 0.00 0.00 0.00 0.00 0.00
732613.00 4227.00 4388.00 0.00 0.00 0.00 0.00 0.00 0.00
733617.00 4256.00 4421.00 0.00 0.00 0.00 0.00 0.00 0.00
734613.00 4281.00 4457.00 0.00 0.00 0.00 0.00 0.00 0.00
735613.00 4315.00 4492.00 0.00 0.00 0.00 0.00 0.00 0.00
736617.00 4352.00 4530.00 0.00 0.00 0.00 0.00 0.00 0.00
737613.00 4388.00 4567.00 0.00 0.00 0.00 0.00 0.00 0.00
738619.00 4420.00 4600.00 0.00 0.00 0.00 0.00 0.00 0.00
739616.00 4446.00 4628.00 0.00 0.00 0.00 0.00 0.00 0.00
740613.00 4477.00 4659.00 0.00 0.00 0.00 0.00 0.00 0.00
741613.00 4513.00 4695.00 0.00 0.00 0.00 0.00 0.00 0.00
742613.00 4549.00 4733.00 0.00 0.00 0.00 0.00 0.00 0.00
743613.00 4584.00 4770.00 0.00 0.00 0.00 0.00 0.00 0.00
744613.00 4614.00 4807.00 0.00 0.00 0.00 0.00 0.00 0.00
745615.00 4639.00 4841.00 0.00 0.00 0.00 0.00 0.00 0.00
746617.00 4675.00 4870.00 0.00 0.00 0.00 0.00 0.00 0.00
747614.00 4712.00 4899.00 0.00 0.00 0.00 0.00 0.00 0.00
748619.00 4749.00 4935.00 0.00 0.00 0.00 0.00 0.00 0.00
749617.00 4783.00 4972.00 0.00 0.00 0.00 0.00 0.00 0.00
750617.00 4810.00 5009.00 0.00 0.00 0.00 0.00 0.00 0.00
751616.00 4841.00 5047.00 0.00 0.00 0.00 0.00 0.00 0.00
752613.00 4875.00 5082.00 0.00 0.00 0.00 0.00 0.00 0.00
753616.00 4913.00 5114.00 0.00 0.00 0.00 0.00 0.00 0.00
754621.00 4950.00 5141.00 0.00 0.00 0.00 0.00 0.00 0.00
755615.00 4985.00 5174.00 0.00 0.00 0.00 0.00 0.00 0.00
756617.00 5012.00 5210.00 0.00 0.00 0.00 0.00 0.00 0.00
757613.00 5037.00 5247.00 0.00 0.00 0.00 0.00 0.00 0.00
758613.00 5073.00 5285.00 0.00 0.00 0.00 0.00 0.00 0.00
759613.00 5109.00 5320.00 0.00 0.00 0.00 0.00 0.00 0.00
760615.00 5143.00 5353.00 0.00 0.00 0.00 0.00 0.00 0.00
761617.00 5167.00 5384.00 0.00 0.00 0.00 0.00 0.00 0.00
762613.00 5196.00 5415.00 0.00 0.00 0.00 0.00 0.00 0.00
763614.00 5233.00 5451.00 0.00 0.00 0.00 0.00 0.00 0.00
764614.00 5270.00 5488.00 0.00 0.00 0.00 0.00 0.00 0.00
765613.00 5306.00 5526.00 0.00 0.00 0.00 0.00 0.00 0.00
766614.00 5337.00 5563.00 0.00 0.00 0.00 0.00 0.00 0.00
767614.00 5364.00 5593.00 0.00 0.00 0.00 0.00 0.00 0.00
768613.00 5397.00 5618.00 0.00 0.00 0.00 0.00 0.00 0.00
769615.00 5432.00 5654.00 0.00 0.00 0.00 0.00 0.00 0.00
770615.00 5469.00 5690.00 0.00 0.00 0.00 0.00 0.00 0.00
771613.00 5503.00 5726.00 0.00 0.00 0.00 0.00 0.00 0.00
772617.00 5530.00 5764.00 0.00 0.00 0.00 0.00 0.00 0.00
773615.00 5557.00 5800.00 0.00 0.00 0.00 0.00 0.00 0.00
774613.00 5591.00 5835.00 0.00 0.00 0.00 0.00 0.00 0.00
775615.00 5627.00 5862.00 0.00 0.00 0.00 0.00 0.00 0.00
776615.00 5660.00 5893.00 0.00 0.00 0.00 0.00 0.00 0.00
777613.00 5681.00 5929.00 0.00 0.00 0.00 0.00 0.00 0.00
778617.00 5717.00 5966.00 0.00 0.00 0.00 0.00 0.00 0.00
779613.00 5753.00 6004.00 0.00 0.00 0.00 0.00 0.00 0.00
780615.00 5791.00 6041.00 0.00 0.00 0.00 0.00 0.00 0.00
781613.00 5827.00 6076.00 0.00 0.00 0.00 0.00 0.00 0.00
782615.00 5861.00 6104.00 0.00 0.00 0.00 0.00 0.00 0.00
783619.00 5886.00 6134.00 0.00 0.00 0.00 0.00 0.00 0.00
784613.00 5915.00 6170.00 0.00 0.00 0.00 0.00 0.00 0.00
785613.00 5951.00 6206.00 0.00 0.00 0.00 0.00 0.00 0.00
786613.00 5987.00 6243.00 0.00 0.00 0.00 0.00 0.00 0.00
787615.00 6020.00 6280.00 0.00 0.00 0.00 0.00 0.00 0.00
788613.00 6044.00 6316.00 0.00 0.00 0.00 0.00 0.00 0.00
789617.00 6075.00 6348.00 0.00 0.00 0.00 0.00 0.00 0.00
790613.00 6111.00 6376.00 0.00 0.00 0.00 0.00 0.00 0.00
791613.00 6147.00 6410.00 0.00 0.00 0.00 0.00 0.00 0.00
792613.00 6182.00 6447.00 0.00 0.00 0.00 0.00 0.00 0.00
793617.00 6215.00 6484.00 0.00 0.00 0.00 0.00 0.00 0.00
794613.00 6240.00 6522.00 0.00 0.00 0.00 0.00 0.00 0.00
795613.00 6275.00 6559.00 0.00 0.00 0.00 0.00 0.00 0.00
796617.00 6312.00 6593.00 0.00 0.00 0.00 0.00 0.00 0.00
797615.00 6349.00 6624.00 0.00 0.00 0.00 0.00 0.00 0.00
798614.00 6386.00 6653.00 0.00 0.00 0.00 0.00 0.00 0.00
799617.00 6420.00 6689.00 0.00 0.00 0.00 0.00 0.00 0.00
800614.00 6448.00 6726.00 0.00 0.00 0.00 0.00 0.00 0.00
801615.00 6476.00 6764.00 0.00 0.00 0.00 0.00 0.00 0.00
802617.00 6512.00 6802.00 0.00 0.00 0.00 0.00 0.00 0.00
803613.00 6547.00 6838.00 0.00 0.00 0.00 0.00 0.00 0.00
804617.00 6580.00 6874.00 0.00 0.00 0.00 0.00 0.00 0.00
805617.00 6604.00 6904.00 0.00 0.00 0.00 0.00 0.00 0.00
806613.00 6635.00 6934.00 0.00 0.00 0.00 0.00 0.00 0.00
807613.00 6672.00 6969.00 0.00 0.00 0.00 0.00 0.00 0.00
808614.00 6709.00 7006.00 0.00 0.00 0.00 0.00 0.00 0.00
809613.00 6746.00 7044.00 0.00 0.00 0.00 0.00 0.00 0.00
810613.00 6779.00 7080.00 0.00 0.00 0.00 0.00 0.00 0.00
811623.00 6807.00 7117.00 0.00 0.00 0.00 0.00 0.00 0.00
812615.00 6837.00 7151.00 0.00 0.00 0.00 0.00 0.00 0.00
813617.00 6872.00 7178.00 0.00 0.00 0.00 0.00 0.00 0.00
814613.00 6908.00 7208.00 0.00 0.00 0.00 0.00 0.00 0.00
815613.00 6941.00 7245.00 0.00 0.00 0.00 0.00 0.00 0.00
816614.00 6965.00 7282.00 0.00 0.00 0.00 0.00 0.00 0.00
817615.00 6998.00 7320.00 0.00 0.00 0.00 0.00 0.00 0.00
818613.00 7031.00 7354.00 0.00 0.00 0.00 0.00 0.00 0.00
819617.00 7067.00 7385.00 0.00 0.00 0.00 0.00 0.00 0.00
820618.00 7096.00 7419.00 0.00 0.00 0.00 0.00 0.00 0.00
821617.00 7121.00 7449.00 0.00 0.00 0.00 0.00 0.00 0.00
822617.00 7158.00 7483.00 0.00 0.00 0.00 0.00 0.00 0.00
823613.00 7193.00 7521.00 0.00 0.00 0.00 0.00 0.00 0.00
824613.00 7230.00 7558.00 0.00 0.00 0.00 0.00 0.00 0.00
825617.00 7266.00 7596.00 0.00 0.00 0.00 0.00 0.00 0.00
826616.00 7297.00 7630.00 0.00 0.00 0.00 0.00 0.00 0.00
827615.00 7321.00 7658.00 0.00 0.00 0.00 0.00 0.00 0.00
828613.00 7353.00 7688.00 0.00 0.00 0.00 0.00 0.00 0.00
829613.00 7389.00 7724.00 0.00 0.00 0.00 0.00 0.00 0.00
830613.00 7424.00 7761.00 0.00 0.00 0.00 0.00 0.00 0.00
831617.00 7450.00 7799.00 0.00 0.00 0.00 0.00 0.00 0.00
832615.00 7477.00 7837.00 0.00 0.00 0.00 0.00 0.00 0.00
833613.00 7512.00 7872.00 0.00 0.00 0.00 0.00 0.00 0.00
834614.00 7548.00 7903.00 0.00 0.00 0.00 0.00 0.00 0.00
835617.00 7584.00 7932.00 0.00 0.00 0.00 0.00 0.00 0.00
836615.00 7612.00 7966.00 0.00 0.00 0.00 0.00 0.00 0.00
837613.00 7640.00 8003.00 0.00 0.00 0.00 0.00 0.00 0.00
838614.00 7674.00 8040.00 0.00 0.00 0.00 0.00 0.00 0.00
839613.00 7711.00 8078.00 0.00 0.00 0.00 0.00 0.00 0.00
840613.00 7748.00 8115.00 0.00 0.00 0.00 0.00 0.00 0.00
841615.00 7783.00 8151.00 0.00 0.00 0.00 0.00 0.00 0.00
842617.00 7814.00 8181.00 0.00 0.00 0.00 0.00 0.00 0.00
843617.00 7840.00 8211.00 0.00 0.00 0.00 0.00 0.00 0.00
844614.00 7875.00 8244.00 0.00 0.00 0.00 0.00 0.00 0.00
845613.00 7911.00 8281.00 0.00 0.00 0.00 0.00 0.00 0.00
846617.00 7948.00 8319.00 0.00 0.00 0.00 0.00 0.00 0.00
847613.00 7983.00 8356.00 0.00 0.00 0.00 0.00 0.00 0.00
848617.00 8011.00 8394.00 0.00 0.00 0.00 0.00 0.00 0.00
849615.00 8038.00 8429.00 0.00 0.00 0.00 0.00 0.00 0.00
850613.00 8073.00 8463.00 0.00 0.00 0.00 0.00 0.00 0.00
851615.00 8110.00 8490.00 0.00 0.00 0.00 0.00 0.00 0.00
852613.00 8147.00 8524.00 0.00 0.00 0.00 0.00 0.00 0.00
853613.00 8180.00 8561.00 0.00 0.00 0.00 0.00 0.00 0.00
854614.00 8208.00 8598.00 0.00 0.00 0.00 0.00 0.00 0.00
855613.00 8237.00 8636.00 0.00 0.00 0.00 0.00 0.00 0.00
856617.00 8273.00 8673.00 0.00 0.00 0.00 0.00 0.00 0.00
857617.00 8309.00 8710.00 0.00 0.00 0.00 0.00 0.00 0.00
858613.00 8345.00 8739.00 0.00 0.00 0.00 0.00 0.00 0.00
859613.00 8378.00 8770.00 0.00 0.00 0.00 0.00 0.00 0.00
860613.00 8403.00 8803.00 0.00 0.00 0.00 0.00 0.00 0.00
861613.00 8436.00 8840.00 0.00 0.00 0.00 0.00 0.00 0.00
862613.00 8471.00 8879.00 0.00 0.00 0.00 0.00 0.00 0.00
863613.00 8508.00 8916.00 0.00 0.00 0.00 0.00 0.00 0.00
864621.00 8543.00 8954.00 0.00 0.00 0.00 0.00 0.00 0.00
865619.00 8572.00 8986.00 0.00 0.00 0.00 0.00 0.00 0.00
866621.00 8602.00 9020.00 0.00 0.00 0.00 0.00 0.00 0.00
867617.00 8634.00 9046.00 0.00 0.00 0.00 0.00 0.00 0.00
868613.00 8670.00 9080.00 0.00 0.00 0.00 0.00 0.00 0.00
869613.00 8707.00 9117.00 0.00 0.00 0.00 0.00 0.00 0.00
870617.00 8744.00 9155.00 0.00 0.00 0.00 0.00 0.00 0.00
871615.00 8779.00 9193.00 0.00 0.00 0.00 0.00 0.00 0.00
872613.00 8802.00 9229.00 0.00 0.00 0.00 0.00 0.00 0.00
873615.00 8832.00 9259.00 0.00 0.00 0.00 0.00 0.00 0.00
874613.00 8868.00 9286.00 0.00 0.00 0.00 0.00 0.00 0.00
875613.00 8904.00 9321.00 0.00 0.00 0.00 0.00 0.00 0.00
876617.00 8937.00 9358.00 0.00 0.00 0.00 0.00 0.00 0.00
877617.00 8958.00 9396.00 0.00 0.00 0.00 0.00 0.00 0.00
878615.00 8992.00 9433.00 0.00 0.00 0.00 0.00 0.00 0.00
879613.00 9028.00 9469.00 0.00 0.00 0.00 0.00 0.00 0.00
880615.00 9065.00 9500.00 0.00 0.00 0.00 0.00 0.00 0.00
881613.00 9101.00 9527.00 0.00 0.00 0.00 0.00 0.00 0.00
882616.00 9131.00 9561.00 0.00 0.00 0.00 0.00 0.00 0.00
883617.00 9160.00 9598.00 0.00 0.00 0.00 0.00 0.00 0.00
884613.00 9192.00 9635.00 0.00 0.00 0.00 0.00 0.00 0.00
885613.00 9229.00 9672.00 0.00 0.00 0.00 0.00 0.00 0.00
886613.00 9265.00 9707.00 0.00 0.00 0.00 0.00 0.00 0.00
887619.00 9300.00 9740.00 0.00 0.00 0.00 0.00 0.00 0.00
888617.00 9327.00 9767.00 0.00 0.00 0.00 0.00 0.00 0.00
889617.00 9354.00 9802.00 0.00 0.00 0.00 0.00 0.00 0.00
890619.00 9390.00 9839.00 0.00 0.00 0.00 0.00 0.00 0.00
891613.00 9426.00 9876.00 0.00 0.00 0.00 0.00 0.00 0.00
892617.00 9459.00 9912.00 0.00 0.00 0.00 0.00 0.00 0.00
893616.00 9487.00 9948.00 0.00 0.00 0.00 0.00 0.00 0.00
894617.00 9514.00 9984.00 0.00 0.00 0.00 0.00 0.00 0.00
895617.00 9551.00 10012.00 0.00 0.00 0.00 0.00 0.00 0.00
896613.00 9588.00 10042.00 0.00 0.00 0.00 0.00 0.00 0.00
897613.00 9625.00 10077.00 0.00 0.00 0.00 0.00 0.00 0.00
898615.00 9662.00 10115.00 0.00 0.00 0.00 0.00 0.00 0.00
899617.00 9693.00 10151.00 0.00 0.00 0.00 0.00 0.00 0.00
900613.00 9722.00 10188.00 0.00 0.00 0.00 0.00 0.00 0.00
901613.00 9753.00 10226.00 0.00 0.00 0.00 0.00 0.00 0.00
902613.00 9789.00 10261.00 0.00 0.00 0.00 0.00 0.00 0.00
903621.00 9826.00 10295.00 0.00 0.00 0.00 0.00 0.00 0.00
904615.00 9861.00 10322.00 0.00 0.00 0.00 0.00 0.00 0.00
905619.00 9891.00 10357.00 0.00 0.00 0.00 0.00 0.00 0.00
906619.00 9915.00 10394.00 0.00 0.00 0.00 0.00 0.00 0.00
907613.00 9950.00 10431.00 0.00 0.00 0.00 0.00 0.00 0.00
908617.00 9987.00 10469.00 0.00 0.00 0.00 0.00 0.00 0.00
909615.00 10023.00 10506.00 0.00 0.00 0.00 0.00 0.00 0.00
910617.00 10055.00 10541.00 0.00 0.00 0.00 0.00 0.00 0.00
911613.00 10080.00 10570.00 0.00 0.00 0.00 0.00 0.00 0.00
912613.00 10114.00 10600.00 0.00 0.00 0.00 0.00 0.00 0.00
913613.00 10150.00 10635.00 0.00 0.00 0.00 0.00 0.00 0.00
914617.00 10188.00 10671.00 0.00 0.00 0.00 0.00 0.00 0.00
915617.00 10224.00 10709.00 0.00 0.00 0.00 0.00 0.00 0.00
916615.00 10257.00 10746.00 0.00 0.00 0.00 0.00 0.00 0.00
917618.00 10281.00 10784.00 0.00 0.00 0.00 0.00 0.00 0.00
918617.00 10313.00 10818.00 0.00 0.00 0.00 0.00 0.00 0.00
919614.00 10349.00 10842.00 0.00 0.00 0.00 0.00 0.00 0.00
920615.00 10386.00 10870.00 0.00 0.00 0.00 0.00 0.00 0.00
921617.00 10420.00 10907.00 0.00 0.00 0.00 0.00 0.00 0.00
922617.00 10444.00 10944.00 0.00 0.00 0.00 0.00 0.00 0.00
923613.00 10474.00 10981.00 0.00 0.00 0.00 0.00 0.00 0.00
924613.00 10511.00 11015.00 0.00 0.00 0.00 0.00 0.00 0.00
925612.00 10547.00 11044.00 0.00 0.00 0.00 0.00 0.00 0.00
926617.00 10583.00 11074.00 0.00 0.00 0.00 0.00 0.00 0.00
927612.00 10609.00 11107.00 0.00 0.00 0.00 0.00 0.00 0.00
928613.00 10636.00 11144.00 0.00 0.00 0.00 0.00 0.00 0.00
929613.00 10672.00 11181.00 0.00 0.00 0.00 0.00 0.00 0.00
930613.00 10708.00 11216.00 0.00 0.00 0.00 0.00 0.00 0.00
931613.00 10744.00 11252.00 0.00 0.00 0.00 0.00 0.00 0.00
932617.00 10776.00 11282.00 0.00 0.00 0.00 0.00 0.00 0.00
933617.00 10801.00 11310.00 0.00 0.00 0.00 0.00 0.00 0.00
934613.00 10833.00 11343.00 0.00 0.00 0.00 0.00 0.00 0.00
935614.00 10869.00 11380.00 0.00 0.00 0.00 0.00 0.00 0.00
936615.00 10906.00 11418.00 0.00 0.00 0.00 0.00 0.00 0.00
937613.00 10942.00 11455.00 0.00 0.00 0.00 0.00 0.00 0.00
938617.00 10973.00 11492.00 0.00 0.00 0.00 0.00 0.00 0.00
939616.00 11001.00 11526.00 0.00 0.00 0.00 0.00 0.00 0.00
940616.00 11033.00 11558.00 0.00 0.00 0.00 0.00 0.00 0.00
941613.00 11070.00 11588.00 0.00 0.00 0.00 0.00 0.00 0.00
942613.00 11107.00 11623.00 0.00 0.00 0.00 0.00 0.00 0.00
943613.00 11144.00 11658.00 0.00 0.00 0.00 0.00 0.00 0.00
944616.00 11179.00 11696.00 0.00 0.00 0.00 0.00 0.00 0.00
945617.00 11205.00 11734.00 0.00 0.00 0.00 0.00 0.00 0.00
946613.00 11235.00 11771.00 0.00 0.00 0.00 0.00 0.00 0.00
947613.00 11270.00 11807.00 0.00 0.00 0.00 0.00 0.00 0.00
948613.00 11307.00 11838.00 0.00 0.00 0.00 0.00 0.00 0.00
949617.00 11342.00 11869.00 0.00 0.00 0.00 0.00 0.00 0.00
950613.00 11371.00 11902.00 0.00 0.00 0.00 0.00 0.00 0.00
951613.00 11398.00 11939.00 0.00 0.00 0.00 0.00 0.00 0.00
952613.00 11431.00 11977.00 0.00 0.00 0.00 0.00 0.00 0.00
953613.00 11468.00 12014.00 0.00 0.00 0.00 0.00 0.00 0.00
954613.00 11505.00 12050.00 0.00 0.00 0.00 0.00 0.00 0.00
955613.00 11541.00 12085.00 0.00 0.00 0.00 0.00 0.00 0.00
956618.00 11571.00 12119.00 0.00 0.00 0.00 0.00 0.00 0.00
957616.00 11600.00 12147.00 0.00 0.00 0.00 0.00 0.00 0.00
958617.00 11635.00 12180.00 0.00 0.00 0.00 0.00 0.00 0.00
959613.00 11670.00 12217.00 0.00 0.00 0.00 0.00 0.00 0.00
960613.00 11707.00 12254.00 0.00 0.00 0.00 0.00 0.00 0.00
961613.00 11744.00 12292.00 0.00 0.00 0.00 0.00 0.00 0.00
962615.00 11778.00 12328.00 0.00 0.00 0.00 0.00 0.00 0.00
963619.00 11803.00 12363.00 0.00 0.00 0.00 0.00 0.00 0.00
964617.00 11834.00 12394.00 0.00 0.00 0.00 0.00 0.00 0.00
965615.00 11870.00 12423.00 0.00 0.00 0.00 0.00 0.00 0.00
966613.00 11907.00 12458.00 0.00 0.00 0.00 0.00 0.00 0.00
967613.00 11943.00 12495.00 0.00 0.00 0.00 0.00 0.00 0.00
968613.00 11977.00 12533.00 0.00 0.00 0.00 0.00 0.00 0.00
969614.00 12003.00 12570.00 0.00 0.00 0.00 0.00 0.00 0.00
970613.00 12034.00 12603.00 0.00 0.00 0.00 0.00 0.00 0.00
971614.00 12070.00 12628.00 0.00 0.00 0.00 0.00 0.00 0.00
972615.00 12107.00 12663.00 0.00 0.00 0.00 0.00 0.00 0.00
973613.00 12143.00 12698.00 0.00 0.00 0.00 0.00 0.00 0.00
974617.00 12175.00 12735.00 0.00 0.00 0.00 0.00 0.00 0.00
975617.00 12199.00 12773.00 0.00 0.00 0.00 0.00 0.00 0.00
976612.00 12232.00 12809.00 0.00 0.00 0.00 0.00 0.00 0.00
977613.00 12269.00 12844.00 0.00 0.00 0.00 0.00 0.00 0.00
978613.00 12306.00 12871.00 0.00 0.00 0.00 0.00 0.00 0.00
979613.00 12340.00 12902.00 0.00 0.00 0.00 0.00 0.00 0.00
980617.00 12362.00 12938.00 0.00 0.00 0.00 0.00 0.00 0.00
981613.00 12394.00 12975.00 0.00 0.00 0.00 0.00 0.00 0.00
982613.00 12431.00 13013.00 0.00 0.00 0.00 0.00 0.00 0.00
983617.00 12469.00 13051.00 0.00 0.00 0.00 0.00 0.00 0.00
984617.00 12506.00 13088.00 0.00 0.00 0.00 0.00 0.00 0.00
985617.00 12542.00 13120.00 0.00 0.00 0.00 0.00 0.00 0.00
986617.00 12573.00 13148.00 0.00 0.00 0.00 0.00 0.00 0.00
987616.00 12599.00 13179.00 0.00 0.00 0.00 0.00 0.00 0.00
988615.00 12632.00 13213.00 0.00 0.00 0.00 0.00 0.00 0.00
989613.00 12668.00 13251.00 0.00 0.00 0.00 0.00 0.00 0.00
990613.00 12704.00 13288.00 0.00 0.00 0.00 0.00 0.00 0.00
991615.00 12735.00 13326.00 0.00 0.00 0.00 0.00 0.00 0.00
992617.00 12758.00 13362.00 0.00 0.00 0.00 0.00 0.00 0.00
993615.00 12790.00 13394.00 0.00 0.00 0.00 0.00 0.00 0.00
994613.00 12826.00 13420.00 0.00 0.00 0.00 0.00 0.00 0.00
995619.00 12863.00 13455.00 0.00 0.00 0.00 0.00 0.00 0.00
996613.00 12897.00 13489.00 0.00 0.00 0.00 0.00 0.00 0.00
997615.00 12927.00 13526.00 0.00 0.00 0.00 0.00 0.00 0.00
998613.00 12954.00 13564.00 0.00 0.00 0.00 0.00 0.00 0.00
999613.00 12990.00 13601.00 0.00 0.00 0.00 0.00 0.00 0.00
1000613.00 13027.00 13637.00 0.00 0.00 0.00 0.00 0.00 0.00
1001615.00 13064.00 13666.00 0.00 0.00 0.00 0.00 0.00 0.00
1002615.00 13100.00 13697.00 0.00 0.00 0.00 0.00 0.00 0.00
1003613.00 13131.00 13731.00 0.00 0.00 0.00 0.00 0.00 0.00
1004617.00 13160.00 13768.00 0.00 0.00 0.00 0.00 0.00 0.00
1005617.00 13191.00 13806.00 0.00 0.00 0.00 0.00 0.00 0.00
1006613.00 13228.00 13843.00 0.00 0.00 0.00 0.00 0.00 0.00
1007613.00 13265.00 13881.00 0.00 0.00 0.00 0.00 0.00 0.00
1008613.00 13301.00 13915.00 0.00 0.00 0.00 0.00 0.00 0.00
1009617.00 13332.00 13947.00 0.00 0.00 0.00 0.00 0.00 0.00
1010613.00 13360.00 13975.00 0.00 0.00 0.00 0.00 0.00 0.00
1011613.00 13393.00 14011.00 0.00 0.00 0.00 0.00 0.00 0.00
1012613.00 13428.00 14048.00 0.00 0.00 0.00 0.00 0.00 0.00
1013613.00 13465.00 14085.00 0.00 0.00 0.00 0.00 0.00 0.00
1014613.00 13502.00 14123.00 0.00 0.00 0.00 0.00 0.00 0.00
1015613.00 13536.00 14160.00 0.00 0.00 0.00 0.00 0.00 0.00
1016619.00 13563.00 14192.00 0.00 0.00 0.00 0.00 0.00 0.00
1017613.00 13593.00 14217.00 0.00 0.00 0.00 0.00 0.00 0.00
1018613.00 13629.00 14251.00 0.00 0.00 0.00 0.00 0.00 0.00
1019617.00 13666.00 14287.00 0.00 0.00 0.00 0.00 0.00 0.00
1020613.00 13703.00 14324.00 0.00 0.00 0.00 0.00 0.00 0.00
1021613.00 13737.00 14362.00 0.00 0.00 0.00 0.00 0.00 0.00
1022617.00 13764.00 14398.00 0.00 0.00 0.00 0.00 0.00 0.00
1023613.00 13793.00 14434.00 0.00 0.00 0.00 0.00 0.00 0.00
1024614.00 13829.00 14464.00 0.00 0.00 0.00 0.00 0.00 0.00
1025613.00 13866.00 14492.00 0.00 0.00 0.00 0.00 0.00 0.00
1026613.00 13903.00 14528.00 0.00 0.00 0.00 0.00 0.00 0.00
1027613.00 13937.00 14565.00 0.00 0.00 0.00 0.00 0.00 0.00
1028614.00 13963.00 14603.00 0.00 0.00 0.00 0.00 0.00 0.00
1029616.00 13994.00 14640.00 0.00 0.00 0.00 0.00 0.00 0.00
1030615.00 14031.00 14675.00 0.00 0.00 0.00 0.00 0.00 0.00
1031615.00 14065.00 14703.00 0.00 0.00 0.00 0.00 0.00 0.00
1032615.00 14102.00 14732.00 0.00 0.00 0.00 0.00 0.00 0.00
1033614.00 14133.00 14767.00 0.00 0.00 0.00 0.00 0.00 0.00
1034617.00 14160.00 14804.00 0.00 0.00 0.00 0.00 0.00 0.00
1035613.00 14189.00 14842.00 0.00 0.00 0.00 0.00 0.00 0.00
1036613.00 14224.00 14879.00 0.00 0.00 0.00 0.00 0.00 0.00
1037613.00 14261.00 14915.00 0.00 0.00 0.00 0.00 0.00 0.00
1038613.00 14297.00 14947.00 0.00 0.00 0.00 0.00 0.00 0.00
1039615.00 14329.00 14977.00 0.00 0.00 0.00 0.00 0.00 0.00
1040613.00 14354.00 15009.00 0.00 0.00 0.00 0.00 0.00 0.00
1041617.00 14386.00 15046.00 0.00 0.00 0.00 0.00 0.00 0.00
1042613.00 14421.00 15083.00 0.00 0.00 0.00 0.00 0.00 0.00
1043613.00 14458.00 15121.00 0.00 0.00 0.00 0.00 0.00 0.00
1044619.00 14493.00 15159.00 0.00 0.00 0.00 0.00 0.00 0.00
1045613.00 14522.00 15195.00 0.00 0.00 0.00 0.00 0.00 0.00
1046615.00 14548.00 15229.00 0.00 0.00 0.00 0.00 0.00 0.00
1047617.00 14584.00 15256.00 0.00 0.00 0.00 0.00 0.00 0.00
1048613.00 14620.00 15289.00 0.00 0.00 0.00 0.00 0.00 0.00
1049613.00 14657.00 15326.00 0.00 0.00 0.00 0.00 0.00 0.00
1050613.00 14691.00 15363.00 0.00 0.00 0.00 0.00 0.00 0.00
1051615.00 14720.00 15401.00 0.00 0.00 0.00 0.00 0.00 0.00
1052614.00 14751.00 15439.00 0.00 0.00 0.00 0.00 0.00 0.00
1053613.00 14785.00 15476.00 0.00 0.00 0.00 0.00 0.00 0.00
1054618.00 14823.00 15509.00 0.00 0.00 0.00 0.00 0.00 0.00
1055617.00 14860.00 15540.00 0.00 0.00 0.00 0.00 0.00 0.00
1056612.00 14898.00 15570.00 0.00 0.00 0.00 0.00 0.00 0.00
1057617.00 14935.00 15606.00 0.00 0.00 0.00 0.00 0.00 0.00
1058615.00 14966.00 15644.00 0.00 0.00 0.00 0.00 0.00 0.00
1059613.00 14994.00 15681.00 0.00 0.00 0.00 0.00 0.00 0.00
1060613.00 15025.00 15719.00 0.00 0.00 0.00 0.00 0.00 0.00
1061617.00 15061.00 15755.00 0.00 0.00 0.00 0.00 0.00 0.00
1062617.00 15097.00 15789.00 0.00 0.00 0.00 0.00 0.00 0.00
1063619.00 15133.00 15815.00 0.00 0.00 0.00 0.00 0.00 0.00
1064617.00 15163.00 15846.00 0.00 0.00 0.00 0.00 0.00 0.00
1065613.00 15187.00 15883.00 0.00 0.00 0.00 0.00 0.00 0.00
1066613.00 15223.00 15920.00 0.00 0.00 0.00 0.00 0.00 0.00
1067613.00 15260.00 15958.00 0.00 0.00 0.00 0.00 0.00 0.00
1068615.00 15298.00 15995.00 0.00 0.00 0.00 0.00 0.00 0.00
1069613.00 15335.00 16031.00 0.00 0.00 0.00 0.00 0.00 0.00
1070613.00 15369.00 16060.00 0.00 0.00 0.00 0.00 0.00 0.00
1071619.00 15396.00 16086.00 0.00 0.00 0.00 0.00 0.00 0.00
1072613.00 15425.00 16121.00 0.00 0.00 0.00 0.00 0.00 0.00
1073613.00 15461.00 16159.00 0.00 0.00 0.00 0.00 0.00 0.00
1074613.00 15497.00 16197.00 0.00 0.00 0.00 0.00 0.00 0.00
1075615.00 15532.00 16234.00 0.00 0.00 0.00 0.00 0.00 0.00
1076616.00 15558.00 16269.00 0.00 0.00 0.00 0.00 0.00 0.00
1077619.00 15585.00 16298.00 0.00 0.00 0.00 0.00 0.00 0.00
1078617.00 15620.00 16329.00 0.00 0.00 0.00 0.00 0.00 0.00
1079617.00 15658.00 16363.00 0.00 0.00 0.00 0.00 0.00 0.00
1080613.00 15695.00 16400.00 0.00 0.00 0.00 0.00 0.00 0.00
1081613.00 15729.00 16436.00 0.00 0.00 0.00 0.00 0.00 0.00
1082615.00 15757.00 16473.00 0.00 0.00 0.00 0.00 0.00 0.00
1083615.00 15790.00 16508.00 0.00 0.00 0.00 0.00 0.00 0.00
1084614.00 15821.00 16540.00 0.00 0.00 0.00 0.00 0.00 0.00
1085617.00 15858.00 16570.00 0.00 0.00 0.00 0.00 0.00 0.00
1086614.00 15893.00 16601.00 0.00 0.00 0.00 0.00 0.00 0.00
1087619.00 15924.00 16637.00 0.00 0.00 0.00 0.00 0.00 0.00
1088613.00 15950.00 16674.00 0.00 0.00 0.00 0.00 0.00 0.00
1089613.00 15981.00 16711.00 0.00 0.00 0.00 0.00 0.00 0.00
1090613.00 16018.00 16748.00 0.00 0.00 0.00 0.00 0.00 0.00
1091613.00 16053.00 16780.00 0.00 0.00 0.00 0.00 0.00 0.00
1092620.00 16085.00 16812.00 0.00 0.00 0.00 0.00 0.00 0.00
1093614.00 16108.00 16840.00 0.00 0.00 0.00 0.00 0.00 0.00
1094613.00 16141.00 16876.00 0.00 0.00 0.00 0.00 0.00 0.00
1095613.00 16178.00 16913.00 0.00 0.00 0.00 0.00 0.00 0.00
1096613.00 16215.00 16951.00 0.00 0.00 0.00 0.00 0.00 0.00
1097614.00 16251.00 16989.00 0.00 0.00 0.00 0.00 0.00 0.00
1098619.00 16283.00 17024.00 0.00 0.00 0.00 0.00 0.00 0.00
1099617.00 16309.00 17057.00 0.00 0.00 0.00 0.00 0.00 0.00
1100614.00 16343.00 17085.00 0.00 0.00 0.00 0.00 0.00 0.00
1101614.00 16379.00 17119.00 0.00 0.00 0.00 0.00 0.00 0.00
1102613.00 16415.00 17155.00 0.00 0.00 0.00 0.00 0.00 0.00
1103613.00 16449.00 17193.00 0.00 0.00 0.00 0.00 0.00 0.00
1104615.00 16472.00 17231.00 0.00 0.00 0.00 0.00 0.00 0.00
1105615.00 16504.00 17269.00 0.00 0.00 0.00 0.00 0.00 0.00
1106615.00 16539.00 17304.00 0.00 0.00 0.00 0.00 0.00 0.00
1107616.00 16576.00 17337.00 0.00 0.00 0.00 0.00 0.00 0.00
1108616.00 16610.00 17368.00 0.00 0.00 0.00 0.00 0.00 0.00
1109617.00 16635.00 17399.00 0.00 0.00 0.00 0.00 0.00 0.00
1110613.00 16665.00 17434.00 0.00 0.00 0.00 0.00 0.00 0.00
1111617.00 16701.00 17472.00 0.00 0.00 0.00 0.00 0.00 0.00
1112613.00 16738.00 17509.00 0.00 0.00 0.00 0.00 0.00 0.00
1113613.00 16775.00 17547.00 0.00 0.00 0.00 0.00 0.00 0.00
1114617.00 16810.00 17582.00 0.00 0.00 0.00 0.00 0.00 0.00
1115619.00 16838.00 17613.00 0.00 0.00 0.00 0.00 0.00 0.00
1116621.00 16868.00 17644.00 0.00 0.00 0.00 0.00 0.00 0.00
1117613.00 16903.00 17675.00 0.00 0.00 0.00 0.00 0.00 0.00
1118613.00 16939.00 17711.00 0.00 0.00 0.00 0.00 0.00 0.00
1119615.00 16976.00 17748.00 0.00 0.00 0.00 0.00 0.00 0.00
1120613.00 17011.00 17786.00 0.00 0.00 0.00 0.00 0.00 0.00
1121617.00 17039.00 17821.00 0.00 0.00 0.00 0.00 0.00 0.00
1122613.00 17066.00 17854.00 0.00 0.00 0.00 0.00 0.00 0.00
1123616.00 17101.00 17880.00 0.00 0.00 0.00 0.00 0.00 0.00
1124616.00 17138.00 17915.00 0.00 0.00 0.00 0.00 0.00 0.00
1125613.00 17174.00 17950.00 0.00 0.00 0.00 0.00 0.00 0.00
1126619.00 17208.00 17986.00 0.00 0.00 0.00 0.00 0.00 0.00
1127613.00 17236.00 18023.00 0.00 0.00 0.00 0.00 0.00 0.00
1128617.00 17264.00 18059.00 0.00 0.00 0.00 0.00 0.00 0.00
1129613.00 17300.00 18091.00 0.00 0.00 0.00 0.00 0.00 0.00
1130619.00 17337.00 18118.00 0.00 0.00 0.00 0.00 0.00 0.00
1131619.00 17373.00 18147.00 0.00 0.00 0.00 0.00 0.00 0.00
1132613.00 17405.00 18183.00 0.00 0.00 0.00 0.00 0.00 0.00
1133613.00 17428.00 18220.00 0.00 0.00 0.00 0.00 0.00 0.00
1134613.00 17462.00 18258.00 0.00 0.00 0.00 0.00 0.00 0.00
1135613.00 17498.00 18294.00 0.00 0.00 0.00 0.00 0.00 0.00
1136613.00 17535.00 18330.00 0.00 0.00 0.00 0.00 0.00 0.00
1137617.00 17572.00 18357.00 0.00 0.00 0.00 0.00 0.00 0.00
1138615.00 17598.00 18387.00 0.00 0.00 0.00 0.00 0.00 0.00
1139617.00 17625.00 18424.00 0.00 0.00 0.00 0.00 0.00 0.00
1140616.00 17661.00 18461.00 0.00 0.00 0.00 0.00 0.00 0.00
1141617.00 17698.00 18499.00 0.00 0.00 0.00 0.00 0.00 0.00
1142613.00 17735.00 18535.00 0.00 0.00 0.00 0.00 0.00 0.00
1143613.00 17770.00 18572.00 0.00 0.00 0.00 0.00 0.00 0.00
1144616.00 17798.00 18604.00 0.00 0.00 0.00 0.00 0.00 0.00
1145618.00 17827.00 18634.00 0.00 0.00 0.00 0.00 0.00 0.00
1146613.00 17861.00 18667.00 0.00 0.00 0.00 0.00 0.00 0.00
1147617.00 17898.00 18704.00 0.00 0.00 0.00 0.00 0.00 0.00
1148613.00 17934.00 18741.00 0.00 0.00 0.00 0.00 0.00 0.00
1149614.00 17965.00 18779.00 0.00 0.00 0.00 0.00 0.00 0.00
1150619.00 17988.00 18817.00 0.00 0.00 0.00 0.00 0.00 0.00
1151613.00 18022.00 18852.00 0.00 0.00 0.00 0.00 0.00 0.00
1152617.00 18058.00 18887.00 0.00 0.00 0.00 0.00 0.00 0.00
1153617.00 18094.00 18915.00 0.00 0.00 0.00 0.00 0.00 0.00
1154617.00 18129.00 18948.00 0.00 0.00 0.00 0.00 0.00 0.00
1155617.00 18155.00 18984.00 0.00 0.00 0.00 0.00 0.00 0.00
1156613.00 18185.00 19021.00 0.00 0.00 0.00 0.00 0.00 0.00
1157613.00 18220.00 19059.00 0.00 0.00 0.00 0.00 0.00 0.00
1158617.00 18258.00 19096.00 0.00 0.00 0.00 0.00 0.00 0.00
1159613.00 18294.00 19133.00 0.00 0.00 0.00 0.00 0.00 0.00
1160613.00 18327.00 19165.00 0.00 0.00 0.00 0.00 0.00 0.00
1161619.00 18354.00 19195.00 0.00 0.00 0.00 0.00 0.00 0.00
1162613.00 18384.00 19226.00 0.00 0.00 0.00 0.00 0.00 0.00
1163613.00 18420.00 19261.00 0.00 0.00 0.00 0.00 0.00 0.00
1164613.00 18457.00 19298.00 0.00 0.00 0.00 0.00 0.00 0.00
1165613.00 18493.00 19336.00 0.00 0.00 0.00 0.00 0.00 0.00
1166613.00 18527.00 19373.00 0.00 0.00 0.00 0.00 0.00 0.00
1167613.00 18554.00 19409.00 0.00 0.00 0.00 0.00 0.00 0.00
1168615.00 18585.00 19440.00 0.00 0.00 0.00 0.00 0.00 0.00
1169613.00 18622.00 19464.00 0.00 0.00 0.00 0.00 0.00 0.00
1170613.00 18659.00 19501.00 0.00 0.00 0.00 0.00 0.00 0.00
1171614.00 18697.00 19538.00 0.00 0.00 0.00 0.00 0.00 0.00
1172613.00 18733.00 19575.00 0.00 0.00 0.00 0.00 0.00 0.00
1173613.00 18768.00 19610.00 0.00 0.00 0.00 0.00 0.00 0.00
1174616.00 18796.00 19644.00 0.00 0.00 0.00 0.00 0.00 0.00
1175617.00 18823.00 19679.00 0.00 0.00 0.00 0.00 0.00 0.00
1176617.00 18858.00 19707.00 0.00 0.00 0.00 0.00 0.00 0.00
1177613.00 18895.00 19739.00 0.00 0.00 0.00 0.00 0.00 0.00
1178617.00 18931.00 19776.00 0.00 0.00 0.00 0.00 0.00 0.00
1179615.00 18961.00 19814.00 0.00 0.00 0.00 0.00 0.00 0.00
1180617.00 18987.00 19851.00 0.00 0.00 0.00 0.00 0.00 0.00
1181617.00 19020.00 19887.00 0.00 0.00 0.00 0.00 0.00 0.00
1182614.00 19056.00 19920.00 0.00 0.00 0.00 0.00 0.00 0.00
1183614.00 19093.00 19947.00 0.00 0.00 0.00 0.00 0.00 0.00
1184613.00 19128.00 19981.00 0.00 0.00 0.00 0.00 0.00 0.00
1185617.00 19161.00 20017.00 0.00 0.00 0.00 0.00 0.00 0.00
1186615.00 19186.00 20054.00 0.00 0.00 0.00 0.00 0.00 0.00
1187613.00 19220.00 20092.00 0.00 0.00 0.00 0.00 0.00 0.00
1188613.00 19257.00 20129.00 0.00 0.00 0.00 0.00 0.00 0.00
1189617.00 19294.00 20164.00 0.00 0.00 0.00 0.00 0.00 0.00
1190615.00 19331.00 20192.00 0.00 0.00 0.00 0.00 0.00 0.00
1191616.00 19356.00 20222.00 0.00 0.00 0.00 0.00 0.00 0.00
1192613.00 19380.00 20256.00 0.00 0.00 0.00 0.00 0.00 0.00
1193615.00 19416.00 20294.00 0.00 0.00 0.00 0.00 0.00 0.00
1194613.00 19452.00 20332.00 0.00 0.00 0.00 0.00 0.00 0.00
1195613.00 19488.00 20369.00 0.00 0.00 0.00 0.00 0.00 0.00
1196613.00 19516.00 20406.00 0.00 0.00 0.00 0.00 0.00 0.00
1197614.00 19543.00 20439.00 0.00 0.00 0.00 0.00 0.00 0.00
1198617.00 19578.00 20471.00 0.00 0.00 0.00 0.00 0.00 0.00
1199613.00 19614.00 20500.00 0.00 0.00 0.00 0.00 0.00 0.00
1200613.00 19651.00 20536.00 0.00 0.00 0.00 0.00 0.00 0.00
1201617.00 19684.00 20573.00 0.00 0.00 0.00 0.00 0.00 0.00
1202617.00 19711.00 20611.00 0.00 0.00 0.00 0.00 0.00 0.00
1203617.00 19740.00 20649.00 0.00 0.00 0.00 0.00 0.00 0.00
1204613.00 19776.00 20685.00 0.00 0.00 0.00 0.00 0.00 0.00
1205619.00 19813.00 20719.00 0.00 0.00 0.00 0.00 0.00 0.00
1206613.00 19848.00 20745.00 0.00 0.00 0.00 0.00 0.00 0.00
1207618.00 19879.00 20779.00 0.00 0.00 0.00 0.00 0.00 0.00
1208613.00 19903.00 20815.00 0.00 0.00 0.00 0.00 0.00 0.00
1209613.00 19938.00 20852.00 0.00 0.00 0.00 0.00 0.00 0.00
1210613.00 19974.00 20890.00 0.00 0.00 0.00 0.00 0.00 0.00
1211613.00 20012.00 20927.00 0.00 0.00 0.00 0.00 0.00 0.00
1212613.00 20049.00 20964.00 0.00 0.00 0.00 0.00 0.00 0.00
1213617.00 20082.00 20995.00 0.00 0.00 0.00 0.00 0.00 0.00
1214615.00 20111.00 21023.00 0.00 0.00 0.00 0.00 0.00 0.00
1215613.00 20141.00 21055.00 0.00 0.00 0.00 0.00 0.00 0.00
1216617.00 20178.00 21090.00 0.00 0.00 0.00 0.00 0.00 0.00
1217617.00 20214.00 21129.00 0.00 0.00 0.00 0.00 0.00 0.00
1218613.00 20251.00 21166.00 0.00 0.00 0.00 0.00 0.00 0.00
1219613.00 20287.00 21201.00 0.00 0.00 0.00 0.00 0.00 0.00
1220620.00 20316.00 21234.00 0.00 0.00 0.00 0.00 0.00 0.00
1221617.00 20342.00 21266.00 0.00 0.00 0.00 0.00 0.00 0.00
1222615.00 20377.00 21293.00 0.00 0.00 0.00 0.00 0.00 0.00
1223614.00 20414.00 21327.00 0.00 0.00 0.00 0.00 0.00 0.00
1224613.00 20450.00 21365.00 0.00 0.00 0.00 0.00 0.00 0.00
1225617.00 20483.00 21402.00 0.00 0.00 0.00 0.00 0.00 0.00
1226613.00 20512.00 21440.00 0.00 0.00 0.00 0.00 0.00 0.00
1227613.00 20541.00 21476.00 0.00 0.00 0.00 0.00 0.00 0.00
1228614.00 20577.00 21506.00 0.00 0.00 0.00 0.00 0.00 0.00
1229617.00 20614.00 21534.00 0.00 0.00 0.00 0.00 0.00 0.00
1230613.00 20651.00 21567.00 0.00 0.00 0.00 0.00 0.00 0.00
1231613.00 20687.00 21604.00 0.00 0.00 0.00 0.00 0.00 0.00
1232617.00 20718.00 21641.00 0.00 0.00 0.00 0.00 0.00 0.00
1233613.00 20745.00 21677.00 0.00 0.00 0.00 0.00 0.00 0.00
1234613.00 20778.00 21712.00 0.00 0.00 0.00 0.00 0.00 0.00
1235615.00 20815.00 21745.00 0.00 0.00 0.00 0.00 0.00 0.00
1236617.00 20851.00 21773.00 0.00 0.00 0.00 0.00 0.00 0.00
1237613.00 20884.00 21806.00 0.00 0.00 0.00 0.00 0.00 0.00
1238617.00 20910.00 21843.00 0.00 0.00 0.00 0.00 0.00 0.00
1239613.00 20939.00 21880.00 0.00 0.00 0.00 0.00 0.00 0.00
1240613.00 20975.00 21918.00 0.00 0.00 0.00 0.00 0.00 0.00
1241613.00 21012.00 21954.00 0.00 0.00 0.00 0.00 0.00 0.00
1242617.00 21048.00 21989.00 0.00 0.00 0.00 0.00 0.00 0.00
1243616.00 21083.00 22016.00 0.00 0.00 0.00 0.00 0.00 0.00
1244616.00 21103.00 22049.00 0.00 0.00 0.00 0.00 0.00 0.00
1245613.00 21135.00 22084.00 0.00 0.00 0.00 0.00 0.00 0.00
1246613.00 21172.00 22121.00 0.00 0.00 0.00 0.00 0.00 0.00
1247617.00 21209.00 22159.00 0.00 0.00 0.00 0.00 0.00 0.00
1248613.00 21243.00 22196.00 0.00 0.00 0.00 0.00 0.00 0.00
1249615.00 21268.00 22231.00 0.00 0.00 0.00 0.00 0.00 0.00
1250616.00 21298.00 22262.00 0.00 0.00 0.00 0.00 0.00 0.00
1251613.00 21334.00 22290.00 0.00 0.00 0.00 0.00 0.00 0.00
1252614.00 21371.00 22323.00 0.00 0.00 0.00 0.00 0.00 0.00
1253617.00 21406.00 22360.00 0.00 0.00 0.00 0.00 0.00 0.00
1254614.00 21436.00 22397.00 0.00 0.00 0.00 0.00 0.00 0.00
1255613.00 21465.00 22435.00 0.00 0.00 0.00 0.00 0.00 0.00
1256613.00 21497.00 22473.00 0.00 0.00 0.00 0.00 0.00 0.00
1257613.00 21534.00 22509.00 0.00 0.00 0.00 0.00 0.00 0.00
1258617.00 21571.00 22544.00 0.00 0.00 0.00 0.00 0.00 0.00
1259617.00 21608.00 22572.00 0.00 0.00 0.00 0.00 0.00 0.00
1260613.00 21643.00 22604.00 0.00 0.00 0.00 0.00 0.00 0.00
1261613.00 21668.00 22640.00 0.00 0.00 0.00 0.00 0.00 0.00
1262613.00 21698.00 22677.00 0.00 0.00 0.00 0.00 0.00 0.00
1263613.00 21733.00 22715.00 0.00 0.00 0.00 0.00 0.00 0.00
1264613.00 21768.00 22752.00 0.00 0.00 0.00 0.00 0.00 0.00
1265617.00 21803.00 22789.00 0.00 0.00 0.00 0.00 0.00 0.00
1266617.00 21829.00 22817.00 0.00 0.00 0.00 0.00 0.00 0.00
1267621.00 21856.00 22846.00 0.00 0.00 0.00 0.00 0.00 0.00
1268613.00 21891.00 22880.00 0.00 0.00 0.00 0.00 0.00 0.00
1269615.00 21928.00 22915.00 0.00 0.00 0.00 0.00 0.00 0.00
1270615.00 21966.00 22952.00 0.00 0.00 0.00 0.00 0.00 0.00
1271613.00 22001.00 22989.00 0.00 0.00 0.00 0.00 0.00 0.00
1272613.00 22035.00 23027.00 0.00 0.00 0.00 0.00 0.00 0.00
1273619.00 22062.00 23061.00 0.00 0.00 0.00 0.00 0.00 0.00
1274617.00 22094.00 23087.00 0.00 0.00 0.00 0.00 0.00 0.00
1275613.00 22130.00 23118.00 0.00 0.00 0.00 0.00 0.00 0.00
1276613.00 22168.00 23155.00 0.00 0.00 0.00 0.00 0.00 0.00
1277613.00 22204.00 23193.00 0.00 0.00 0.00 0.00 0.00 0.00
1278613.00 22234.00 23230.00 0.00 0.00 0.00 0.00 0.00 0.00
1279617.00 22260.00 23267.00 0.00 0.00 0.00 0.00 0.00 0.00
1280615.00 22292.00 23300.00 0.00 0.00 0.00 0.00 0.00 0.00
1281617.00 22328.00 23331.00 0.00 0.00 0.00 0.00 0.00 0.00
1282613.00 22365.00 23360.00 0.00 0.00 0.00 0.00 0.00 0.00
1283613.00 22400.00 23395.00 0.00 0.00 0.00 0.00 0.00 0.00
1284613.00 22431.00 23433.00 0.00 0.00 0.00 0.00 0.00 0.00
1285617.00 22458.00 23471.00 0.00 0.00 0.00 0.00 0.00 0.00
1286613.00 22493.00 23508.00 0.00 0.00 0.00 0.00 0.00 0.00
1287617.00 22529.00 23543.00 0.00 0.00 0.00 0.00 0.00 0.00
1288617.00 22566.00 23575.00 0.00 0.00 0.00 0.00 0.00 0.00
1289617.00 22602.00 23603.00 0.00 0.00 0.00 0.00 0.00 0.00
1290617.00 22632.00 23637.00 0.00 0.00 0.00 0.00 0.00 0.00
1291617.00 22660.00 23674.00 0.00 0.00 0.00 0.00 0.00 0.00
1292617.00 22692.00 23711.00 0.00 0.00 0.00 0.00 0.00 0.00
1293613.00 22728.00 23749.00 0.00 0.00 0.00 0.00 0.00 0.00
1294616.00 22764.00 23785.00 0.00 0.00 0.00 0.00 0.00 0.00
1295615.00 22796.00 23820.00 0.00 0.00 0.00 0.00 0.00 0.00
1296617.00 22828.00 23849.00 0.00 0.00 0.00 0.00 0.00 0.00
1297613.00 22853.00 23880.00 0.00 0.00 0.00 0.00 0.00 0.00
1298613.00 22889.00 23916.00 0.00 0.00 0.00 0.00 0.00 0.00
1299619.00 22926.00 23954.00 0.00 0.00 0.00 0.00 0.00 0.00
1300618.00 22961.00 23992.00 0.00 0.00 0.00 0.00 0.00 0.00
1301617.00 22992.00 24029.00 0.00 0.00 0.00 0.00 0.00 0.00
1302613.00 23016.00 24066.00 0.00 0.00 0.00 0.00 0.00 0.00
1303615.00 23051.00 24099.00 0.00 0.00 0.00 0.00 0.00 0.00
1304617.00 23088.00 24130.00 0.00 0.00 0.00 0.00 0.00 0.00
1305613.00 23124.00 24160.00 0.00 0.00 0.00 0.00 0.00 0.00
1306613.00 23156.00 24196.00 0.00 0.00 0.00 0.00 0.00 0.00
1307619.00 23179.00 24234.00 0.00 0.00 0.00 0.00 0.00 0.00
1308613.00 23213.00 24271.00 0.00 0.00 0.00 0.00 0.00 0.00
1309613.00 23249.00 24309.00 0.00 0.00 0.00 0.00 0.00 0.00
1310613.00 23286.00 24345.00 0.00 0.00 0.00 0.00 0.00 0.00
1311619.00 23322.00 24381.00 0.00 0.00 0.00 0.00 0.00 0.00
1312616.00 23352.00 24410.00 0.00 0.00 0.00 0.00 0.00 0.00
1313619.00 23381.00 24441.00 0.00 0.00 0.00 0.00 0.00 0.00
1314614.00 23413.00 24476.00 0.00 0.00 0.00 0.00 0.00 0.00
1315613.00 23450.00 24513.00 0.00 0.00 0.00 0.00 0.00 0.00
1316613.00 23487.00 24551.00 0.00 0.00 0.00 0.00 0.00 0.00
1317613.00 23523.00 24588.00 0.00 0.00 0.00 0.00 0.00 0.00
1318617.00 23558.00 24624.00 0.00 0.00 0.00 0.00 0.00 0.00
1319619.00 23585.00 24659.00 0.00 0.00 0.00 0.00 0.00 0.00
1320613.00 23615.00 24686.00 0.00 0.00 0.00 0.00 0.00 0.00
1321619.00 23651.00 24718.00 0.00 0.00 0.00 0.00 0.00 0.00
1322617.00 23688.00 24755.00 0.00 0.00 0.00 0.00 0.00 0.00
1323613.00 23724.00 24792.00 0.00 0.00 0.00 0.00 0.00 0.00
1324619.00 23756.00 24830.00 0.00 0.00 0.00 0.00 0.00 0.00
1325617.00 23784.00 24864.00 0.00 0.00 0.00 0.00 0.00 0.00
1326613.00 23814.00 24893.00 0.00 0.00 0.00 0.00 0.00 0.00
1327617.00 23850.00 24927.00 0.00 0.00 0.00 0.00 0.00 0.00
1328614.00 23887.00 24956.00 0.00 0.00 0.00 0.00 0.00 0.00
1329613.00 23925.00 24991.00 0.00 0.00 0.00 0.00 0.00 0.00
1330613.00 23960.00 25028.00 0.00 0.00 0.00 0.00 0.00 0.00
1331617.00 23986.00 25066.00 0.00 0.00 0.00 0.00 0.00 0.00
1332617.00 24017.00 25103.00 0.00 0.00 0.00 0.00 0.00 0.00
1333613.00 24051.00 25136.00 0.00 0.00 0.00 0.00 0.00 0.00
1334613.00 24086.00 25162.00 0.00 0.00 0.00 0.00 0.00 0.00
1335617.00 24123.00 25194.00 0.00 0.00 0.00 0.00 0.00 0.00
1336617.00 24157.00 25229.00 0.00 0.00 0.00 0.00 0.00 0.00
1337613.00 24185.00 25267.00 0.00 0.00 0.00 0.00 0.00 0.00
1338613.00 24213.00 25304.00 0.00 0.00 0.00 0.00 0.00 0.00
1339613.00 24250.00 25340.00 0.00 0.00 0.00 0.00 0.00 0.00
1340615.00 24286.00 25375.00 0.00 0.00 0.00 0.00 0.00 0.00
1341615.00 24324.00 25404.00 0.00 0.00 0.00 0.00 0.00 0.00
1342617.00 24360.00 25434.00 0.00 0.00 0.00 0.00 0.00 0.00
1343619.00 24392.00 25469.00 0.00 0.00 0.00 0.00 0.00 0.00
1344617.00 24422.00 25506.00 0.00 0.00 0.00 0.00 0.00 0.00
1345613.00 24452.00 25543.00 0.00 0.00 0.00 0.00 0.00 0.00
1346613.00 24488.00 25581.00 0.00 0.00 0.00 0.00 0.00 0.00
1347613.00 24524.00 25617.00 0.00 0.00 0.00 0.00 0.00 0.00
1348613.00 24559.00 25651.00 0.00 0.00 0.00 0.00 0.00 0.00
1349617.00 24593.00 25680.00 0.00 0.00 0.00 0.00 0.00 0.00
1350614.00 24614.00 25711.00 0.00 0.00 0.00 0.00 0.00 0.00
1351613.00 24648.00 25746.00 0.00 0.00 0.00 0.00 0.00 0.00
1352615.00 24684.00 25784.00 0.00 0.00 0.00 0.00 0.00 0.00
1353619.00 24720.00 25822.00 0.00 0.00 0.00 0.00 0.00 0.00
1354613.00 24754.00 25859.00 0.00 0.00 0.00 0.00 0.00 0.00
1355613.00 24778.00 25896.00 0.00 0.00 0.00 0.00 0.00 0.00
1356615.00 24812.00 25930.00 0.00 0.00 0.00 0.00 0.00 0.00
1357613.00 24848.00 25962.00 0.00 0.00 0.00 0.00 0.00 0.00
1358617.00 24886.00 25989.00 0.00 0.00 0.00 0.00 0.00 0.00
1359613.00 24922.00 26024.00 0.00 0.00 0.00 0.00 0.00 0.00
1360615.00 24954.00 26062.00 0.00 0.00 0.00 0.00 0.00 0.00
1361615.00 24981.00 26099.00 0.00 0.00 0.00 0.00 0.00 0.00
1362617.00 25011.00 26137.00 0.00 0.00 0.00 0.00 0.00 0.00
1363613.00 25047.00 26173.00 0.00 0.00 0.00 0.00 0.00 0.00
1364619.00 25083.00 26208.00 0.00 0.00 0.00 0.00 0.00 0.00
1365619.00 25115.00 26235.00 0.00 0.00 0.00 0.00 0.00 0.00
1366617.00 25139.00 26268.00 0.00 0.00 0.00 0.00 0.00 0.00
1367613.00 25170.00 26303.00 0.00 0.00 0.00 0.00 0.00 0.00
1368613.00 25207.00 26340.00 0.00 0.00 0.00 0.00 0.00 0.00
1369613.00 25244.00 26379.00 0.00 0.00 0.00 0.00 0.00 0.00
1370613.00 25280.00 26416.00 0.00 0.00 0.00 0.00 0.00 0.00
1371613.00 25313.00 26453.00 0.00 0.00 0.00 0.00 0.00 0.00
1372617.00 25339.00 26480.00 0.00 0.00 0.00 0.00 0.00 0.00
1373613.00 25372.00 26512.00 0.00 0.00 0.00 0.00 0.00 0.00
1374613.00 25408.00 26545.00 0.00 0.00 0.00 0.00 0.00 0.00
1375613.00 25445.00 26580.00 0.00 0.00 0.00 0.00 0.00 0.00
1376613.00 25482.00 26617.00 0.00 0.00 0.00 0.00 0.00 0.00
1377614.00 25515.00 26654.00 0.00 0.00 0.00 0.00 0.00 0.00
1378616.00 25545.00 26692.00 0.00 0.00 0.00 0.00 0.00 0.00
1379614.00 25573.00 26724.00 0.00 0.00 0.00 0.00 0.00 0.00
1380616.00 25609.00 26751.00 0.00 0.00 0.00 0.00 0.00 0.00
1381615.00 25645.00 26784.00 0.00 0.00 0.00 0.00 0.00 0.00
1382613.00 25682.00 26820.00 0.00 0.00 0.00 0.00 0.00 0.00
1383613.00 25717.00 26858.00 0.00 0.00 0.00 0.00 0.00 0.00
1384614.00 25741.00 26895.00 0.00 0.00 0.00 0.00 0.00 0.00
1385612.00 25773.00 26932.00 0.00 0.00 0.00 0.00 0.00 0.00
1386613.00 25808.00 26963.00 0.00 0.00 0.00 0.00 0.00 0.00
1387613.00 25846.00 26994.00 0.00 0.00 0.00 0.00 0.00 0.00
1388613.00 25881.00 27025.00 0.00 0.00 0.00 0.00 0.00 0.00
1389617.00 25914.00 27061.00 0.00 0.00 0.00 0.00 0.00 0.00
1390617.00 25941.00 27099.00 0.00 0.00 0.00 0.00 0.00 0.00
1391617.00 25972.00 27136.00 0.00 0.00 0.00 0.00 0.00 0.00
1392613.00 26008.00 27173.00 0.00 0.00 0.00 0.00 0.00 0.00
1393613.00 26045.00 27207.00 0.00 0.00 0.00 0.00 0.00 0.00
1394618.00 26081.00 27239.00 0.00 0.00 0.00 0.00 0.00 0.00
1395617.00 26111.00 27267.00 0.00 0.00 0.00 0.00 0.00 0.00
1396614.00 26137.00 27303.00 0.00 0.00 0.00 0.00 0.00 0.00
1397613.00 26172.00 27340.00 0.00 0.00 0.00 0.00 0.00 0.00
1398613.00 26206.00 27378.00 0.00 0.00 0.00 0.00 0.00 0.00
1399613.00 26244.00 27416.00 0.00 0.00 0.00 0.00 0.00 0.00
1400613.00 26278.00 27452.00 0.00 0.00 0.00 0.00 0.00 0.00
1401613.00 26313.00 27487.00 0.00 0.00 0.00 0.00 0.00 0.00
1402615.00 26348.00 27515.00 0.00 0.00 0.00 0.00 0.00 0.00
1403613.00 26366.00 27547.00 0.00 0.00 0.00 0.00 0.00 0.00
1404613.00 26401.00 27582.00 0.00 0.00 0.00 0.00 0.00 0.00
1405613.00 26437.00 27620.00 0.00 0.00 0.00 0.00 0.00 0.00
1406613.00 26472.00 27658.00 0.00 0.00 0.00 0.00 0.00 0.00
1407617.00 26503.00 27695.00 0.00 0.00 0.00 0.00 0.00 0.00
1408613.00 26526.00 27733.00 0.00 0.00 0.00 0.00 0.00 0.00
1409617.00 26560.00 27767.00 0.00 0.00 0.00 0.00 0.00 0.00
1410619.00 26597.00 27798.00 0.00 0.00 0.00 0.00 0.00 0.00
1411613.00 26634.00 27827.00 0.00 0.00 0.00 0.00 0.00 0.00
1412617.00 26668.00 27863.00 0.00 0.00 0.00 0.00 0.00 0.00
1413615.00 26693.00 27900.00 0.00 0.00 0.00 0.00 0.00 0.00
1414617.00 26726.00 27937.00 0.00 0.00 0.00 0.00 0.00 0.00
1415613.00 26761.00 27975.00 0.00 0.00 0.00 0.00 0.00 0.00
1416613.00 26798.00 28011.00 0.00 0.00 0.00 0.00 0.00 0.00
1417619.00 26835.00 28046.00 0.00 0.00 0.00 0.00 0.00 0.00
1418615.00 26868.00 28072.00 0.00 0.00 0.00 0.00 0.00 0.00
1419617.00 26894.00 28105.00 0.00 0.00 0.00 0.00 0.00 0.00
1420613.00 26923.00 28142.00 0.00 0.00 0.00 0.00 0.00 0.00
1421613.00 26959.00 28178.00 0.00 0.00 0.00 0.00 0.00 0.00
1422613.00 26996.00 28217.00 0.00 0.00 0.00 0.00 0.00 0.00
1423613.00 27030.00 28253.00 0.00 0.00 0.00 0.00 0.00 0.00
1424613.00 27059.00 28290.00 0.00 0.00 0.00 0.00 0.00 0.00
1425614.00 27085.00 28320.00 0.00 0.00 0.00 0.00 0.00 0.00
1426615.00 27121.00 28343.00 0.00 0.00 0.00 0.00 0.00 0.00
1427617.00 27158.00 28378.00 0.00 0.00 0.00 0.00 0.00 0.00
1428617.00 27195.00 28416.00 0.00 0.00 0.00 0.00 0.00 0.00
1429615.00 27230.00 28454.00 0.00 0.00 0.00 0.00 0.00 0.00
1430614.00 27255.00 28491.00 0.00 0.00 0.00 0.00 0.00 0.00
1431613.00 27286.00 28527.00 0.00 0.00 0.00 0.00 0.00 0.00
1432614.00 27321.00 28556.00 0.00 0.00 0.00 0.00 0.00 0.00
1433617.00 27358.00 28587.00 0.00 0.00 0.00 0.00 0.00 0.00
1434613.00 27395.00 28620.00 0.00 0.00 0.00 0.00 0.00 0.00
1435614.00 27431.00 28656.00 0.00 0.00 0.00 0.00 0.00 0.00
1436617.00 27464.00 28694.00 0.00 0.00 0.00 0.00 0.00 0.00
1437613.00 27487.00 28731.00 0.00 0.00 0.00 0.00 0.00 0.00
1438613.00 27522.00 28768.00 0.00 0.00 0.00 0.00 0.00 0.00
1439617.00 27559.00 28801.00 0.00 0.00 0.00 0.00 0.00 0.00
1440617.00 27596.00 28831.00 0.00 0.00 0.00 0.00 0.00 0.00
1441613.00 27631.00 28859.00 0.00 0.00 0.00 0.00 0.00 0.00
1442613.00 27661.00 28895.00 0.00 0.00 0.00 0.00 0.00 0.00
1443613.00 27689.00 28933.00 0.00 0.00 0.00 0.00 0.00 0.00
1444613.00 27722.00 28970.00 0.00 0.00 0.00 0.00 0.00 0.00
1445614.00 27759.00 29008.00 0.00 0.00 0.00 0.00 0.00 0.00
1446615.00 27796.00 29042.00 0.00 0.00 0.00 0.00 0.00 0.00
1447617.00 27832.00 29073.00 0.00 0.00 0.00 0.00 0.00 0.00
1448615.00 27862.00 29101.00 0.00 0.00 0.00 0.00 0.00 0.00
1449613.00 27888.00 29135.00 0.00 0.00 0.00 0.00 0.00 0.00
1450617.00 27923.00 29173.00 0.00 0.00 0.00 0.00 0.00 0.00
1451613.00 27959.00 29210.00 0.00 0.00 0.00 0.00 0.00 0.00
1452613.00 27996.00 29248.00 0.00 0.00 0.00 0.00 0.00 0.00
1453613.00 28028.00 29284.00 0.00 0.00 0.00 0.00 0.00 0.00
1454617.00 28057.00 29320.00 0.00 0.00 0.00 0.00 0.00 0.00
1455614.00 28090.00 29348.00 0.00 0.00 0.00 0.00 0.00 0.00
1456613.00 28120.00 29379.00 0.00 0.00 0.00 0.00 0.00 0.00
1457613.00 28157.00 29414.00 0.00 0.00 0.00 0.00 0.00 0.00
1458612.00 28193.00 29452.00 0.00 0.00 0.00 0.00 0.00 0.00
1459614.00 28228.00 29490.00 0.00 0.00 0.00 0.00 0.00 0.00
1460617.00 28260.00 29527.00 0.00 0.00 0.00 0.00 0.00 0.00
1461613.00 28285.00 29565.00 0.00 0.00 0.00 0.00 0.00 0.00
1462615.00 28320.00 29599.00 0.00 0.00 0.00 0.00 0.00 0.00
1463613.00 28356.00 29631.00 0.00 0.00 0.00 0.00 0.00 0.00
1464613.00 28393.00 29660.00 0.00 0.00 0.00 0.00 0.00 0.00
1465613.00 28428.00 29695.00 0.00 0.00 0.00 0.00 0.00 0.00
1466617.00 28452.00 29732.00 0.00 0.00 0.00 0.00 0.00 0.00
1467613.00 28483.00 29769.00 0.00 0.00 0.00 0.00 0.00 0.00
1468613.00 28518.00 29807.00 0.00 0.00 0.00 0.00 0.00 0.00
1469613.00 28555.00 29843.00 0.00 0.00 0.00 0.00 0.00 0.00
1470613.00 28591.00 29876.00 0.00 0.00 0.00 0.00 0.00 0.00
1471621.00 28624.00 29908.00 0.00 0.00 0.00 0.00 0.00 0.00
1472617.00 28651.00 29936.00 0.00 0.00 0.00 0.00 0.00 0.00
1473614.00 28682.00 29971.00 0.00 0.00 0.00 0.00 0.00 0.00
1474613.00 28718.00 30009.00 0.00 0.00 0.00 0.00 0.00 0.00
1475614.00 28755.00 30047.00 0.00 0.00 0.00 0.00 0.00 0.00
1476613.00 28791.00 30083.00 0.00 0.00 0.00 0.00 0.00 0.00
1477614.00 28825.00 30115.00 0.00 0.00 0.00 0.00 0.00 0.00
1478612.00 28850.00 30141.00 0.00 0.00 0.00 0.00 0.00 0.00
1479617.00 28883.00 30176.00 0.00 0.00 0.00 0.00 0.00 0.00
1480613.00 28918.00 30210.00 0.00 0.00 0.00 0.00 0.00 0.00
1481613.00 28955.00 30247.00 0.00 0.00 0.00 0.00 0.00 0.00
1482617.00 28993.00 30285.00 0.00 0.00 0.00 0.00 0.00 0.00
1483613.00 29028.00 30322.00 0.00 0.00 0.00 0.00 0.00 0.00
1484617.00 29063.00 30358.00 0.00 0.00 0.00 0.00 0.00 0.00
1485617.00 29091.00 30388.00 0.00 0.00 0.00 0.00 0.00 0.00
1486617.00 29124.00 30416.00 0.00 0.00 0.00 0.00 0.00 0.00
1487613.00 29160.00 30450.00 0.00 0.00 0.00 0.00 0.00 0.00
1488617.00 29198.00 30488.00 0.00 0.00 0.00 0.00 0.00 0.00
1489617.00 29235.00 30525.00 0.00 0.00 0.00 0.00 0.00 0.00
1490613.00 29269.00 30562.00 0.00 0.00 0.00 0.00 0.00 0.00
1491617.00 29299.00 30599.00 0.00 0.00 0.00 0.00 0.00 0.00
1492613.00 29324.00 30630.00 0.00 0.00 0.00 0.00 0.00 0.00
1493616.00 29359.00 30658.00 0.00 0.00 0.00 0.00 0.00 0.00
1494613.00 29395.00 30692.00 0.00 0.00 0.00 0.00 0.00 0.00
1495619.00 29431.00 30727.00 0.00 0.00 0.00 0.00 0.00 0.00
1496613.00 29463.00 30764.00 0.00 0.00 0.00 0.00 0.00 0.00
1497619.00 29494.00 30802.00 0.00 0.00 0.00 0.00 0.00 0.00
1498613.00 29523.00 30839.00 0.00 0.00 0.00 0.00 0.00 0.00
1499617.00 29558.00 30874.00 0.00 0.00 0.00 0.00 0.00 0.00
1500617.00 29595.00 30904.00 0.00 0.00 0.00 0.00 0.00 0.00
1501617.00 29632.00 30934.00 0.00 0.00 0.00 0.00 0.00 0.00
1502615.00 29668.00 30969.00 0.00 0.00 0.00 0.00 0.00 0.00
1503617.00 29699.00 31006.00 0.00 0.00 0.00 0.00 0.00 0.00
1504616.00 29722.00 31044.00 0.00 0.00 0.00 0.00 0.00 0.00
1505613.00 29757.00 31082.00 0.00 0.00 0.00 0.00 0.00 0.00
1506613.00 29793.00 31118.00 0.00 0.00 0.00 0.00 0.00 0.00
1507617.00 29828.00 31154.00 0.00 0.00 0.00 0.00 0.00 0.00
1508616.00 29862.00 31182.00 0.00 0.00 0.00 0.00 0.00 0.00
1509621.00 29883.00 31215.00 0.00 0.00 0.00 0.00 0.00 0.00
1510617.00 29917.00 31249.00 0.00 0.00 0.00 0.00 0.00 0.00
1511615.00 29954.00 31286.00 0.00 0.00 0.00 0.00 0.00 0.00
1512613.00 29991.00 31321.00 0.00 0.00 0.00 0.00 0.00 0.00
1513614.00 30028.00 31359.00 0.00 0.00 0.00 0.00 0.00 0.00
1514613.00 30059.00 31396.00 0.00 0.00 0.00 0.00 0.00 0.00
1515614.00 30085.00 31429.00 0.00 0.00 0.00 0.00 0.00 0.00
1516617.00 30119.00 31460.00 0.00 0.00 0.00 0.00 0.00 0.00
1517613.00 30155.00 31488.00 0.00 0.00 0.00 0.00 0.00 0.00
1518613.00 30191.00 31524.00 0.00 0.00 0.00 0.00 0.00 0.00
1519617.00 30222.00 31561.00 0.00 0.00 0.00 0.00 0.00 0.00
1520614.00 30246.00 31599.00 0.00 0.00 0.00 0.00 0.00 0.00
1521613.00 30277.00 31635.00 0.00 0.00 0.00 0.00 0.00 0.00
1522613.00 30313.00 31671.00 0.00 0.00 0.00 0.00 0.00 0.00
1523617.00 30349.00 31703.00 0.00 0.00 0.00 0.00 0.00 0.00
1524617.00 30378.00 31728.00 0.00 0.00 0.00 0.00 0.00 0.00
1525613.00 30408.00 31763.00 0.00 0.00 0.00 0.00 0.00 0.00
1526613.00 30440.00 31799.00 0.00 0.00 0.00 0.00 0.00 0.00
1527613.00 30477.00 31836.00 0.00 0.00 0.00 0.00 0.00 0.00
1528617.00 30515.00 31872.00 0.00 0.00 0.00 0.00 0.00 0.00
1529613.00 30551.00 31907.00 0.00 0.00 0.00 0.00 0.00 0.00
1530613.00 30586.00 31943.00 0.00 0.00 0.00 0.00 0.00 0.00
1531619.00 30613.00 31973.00 0.00 0.00 0.00 0.00 0.00 0.00
1532615.00 30642.00 31999.00 0.00 0.00 0.00 0.00 0.00 0.00
1533613.00 30676.00 32035.00 0.00 0.00 0.00 0.00 0.00 0.00
1534613.00 30713.00 32072.00 0.00 0.00 0.00 0.00 0.00 0.00
1535613.00 30749.00 32110.00 0.00 0.00 0.00 0.00 0.00 0.00
1536618.00 30778.00 32147.00 0.00 0.00 0.00 0.00 0.00 0.00
1537615.00 30805.00 32177.00 0.00 0.00 0.00 0.00 0.00 0.00
1538613.00 30837.00 32202.00 0.00 0.00 0.00 0.00 0.00 0.00
1539616.00 30874.00 32236.00 0.00 0.00 0.00 0.00 0.00 0.00
1540614.00 30910.00 32272.00 0.00 0.00 0.00 0.00 0.00 0.00
1541617.00 30944.00 32309.00 0.00 0.00 0.00 0.00 0.00 0.00
1542617.00 30976.00 32347.00 0.00 0.00 0.00 0.00 0.00 0.00
1543613.00 31002.00 32383.00 0.00 0.00 0.00 0.00 0.00 0.00
1544613.00 31038.00 32414.00 0.00 0.00 0.00 0.00 0.00 0.00
1545617.00 31075.00 32442.00 0.00 0.00 0.00 0.00 0.00 0.00
1546615.00 31112.00 32476.00 0.00 0.00 0.00 0.00 0.00 0.00
1547613.00 31147.00 32512.00 0.00 0.00 0.00 0.00 0.00 0.00
1548617.00 31177.00 32550.00 0.00 0.00 0.00 0.00 0.00 0.00
1549613.00 31203.00 32588.00 0.00 0.00 0.00 0.00 0.00 0.00
1550613.00 31236.00 32624.00 0.00 0.00 0.00 0.00 0.00 0.00
1551617.00 31273.00 32658.00 0.00 0.00 0.00 0.00 0.00 0.00
1552617.00 31308.00 32685.00 0.00 0.00 0.00 0.00 0.00 0.00
1553619.00 31335.00 32718.00 0.00 0.00 0.00 0.00 0.00 0.00
1554617.00 31363.00 32752.00 0.00 0.00 0.00 0.00 0.00 0.00
1555613.00 31398.00 32790.00 0.00 0.00 0.00 0.00 0.00 0.00
1556615.00 31436.00 32828.00 0.00 0.00 0.00 0.00 0.00 0.00
1557613.00 31472.00 32865.00 0.00 0.00 0.00 0.00 0.00 0.00
1558614.00 31508.00 32903.00 0.00 0.00 0.00 0.00 0.00 0.00
1559618.00 31535.00 32937.00 0.00 0.00 0.00 0.00 0.00 0.00
1560617.00 31562.00 32970.00 0.00 0.00 0.00 0.00 0.00 0.00
1561615.00 31598.00 32998.00 0.00 0.00 0.00 0.00 0.00 0.00
1562613.00 31634.00 33033.00 0.00 0.00 0.00 0.00 0.00 0.00
