COMIENZO TELEMETRIA
1330590.00 0.00 0.00 0.30 0.00 -2.20 0.00 176.00 0.00
1331594.00 2.00 0.00 0.60 0.00 -1.80 0.00 177.00 2.00
1332592.00 0.00 2.00 0.90 0.00 -1.31 0.00 176.00 -2.00
1333591.00 0.00 0.00 1.20 0.00 -0.82 0.00 176.00 0.00
1334593.00 0.00 0.00 1.50 0.00 -0.33 0.00 176.00 0.00
1335591.00 0.00 0.00 1.80 0.00 0.16 0.00 176.00 0.00
1336591.00 2.00 0.00 2.10 0.00 0.41 0.00 176.00 2.00
1337590.00 0.00 0.00 2.40 0.00 0.73 0.00 176.00 0.00
1338592.00 0.00 0.00 2.70 0.00 0.98 0.00 176.00 0.00
1339590.00 0.00 0.00 3.00 0.00 1.22 0.00 176.00 0.00
1340590.00 0.00 0.00 3.30 0.00 1.39 0.00 176.00 0.00
1341592.00 2.00 0.00 3.60 0.00 1.47 0.00 176.00 2.00
1342593.00 0.00 -4.00 3.90 0.00 1.71 0.00 176.00 4.00
1343591.00 2.00 0.00 4.20 0.00 1.80 0.00 176.00 2.00
1344590.00 2.00 -2.00 4.50 0.00 2.12 0.00 176.00 4.00
1345592.00 2.00 0.00 4.80 0.00 2.37 0.00 176.00 2.00
1346592.00 2.00 0.00 5.10 0.00 2.78 0.00 176.00 2.00
1347591.00 2.00 -2.00 5.40 0.00 3.10 0.00 176.00 4.00
1348591.00 2.00 -2.00 5.70 0.00 3.27 0.00 176.00 4.00
1349591.00 0.00 0.00 6.00 0.00 3.51 0.00 176.00 0.00
1350592.00 2.00 -4.00 6.30 0.00 3.67 0.00 178.00 6.00
1351591.00 4.00 0.00 6.60 0.00 3.84 0.00 176.00 4.00
1352591.00 2.00 -4.00 6.90 0.00 4.08 0.00 176.00 6.00
1353591.00 2.00 -2.00 7.20 0.00 4.41 0.00 176.00 4.00
1354592.00 4.00 -2.00 7.50 0.00 4.65 0.00 176.00 6.00
1355593.00 2.00 -4.00 7.80 0.00 5.06 0.00 177.00 6.00
1356591.00 2.00 -4.00 8.10 0.00 5.39 0.00 176.00 6.00
1357592.00 4.00 -2.00 8.40 0.00 5.88 0.00 176.00 6.00
1358590.00 4.00 -4.00 8.70 0.00 6.20 0.00 176.00 8.00
1359591.00 4.00 -4.00 9.00 0.00 6.53 0.00 176.00 8.00
1360591.00 4.00 -4.00 9.30 0.00 7.27 0.00 176.00 8.00
1361590.00 4.00 -4.00 9.60 0.00 7.43 0.00 177.00 8.00
1362591.00 4.00 -4.00 9.90 0.00 7.84 0.00 176.00 8.00
1363591.00 4.00 -2.00 10.20 0.00 8.33 0.00 176.00 6.00
1364592.00 6.00 -6.00 10.50 0.00 8.65 0.00 177.00 12.00
1365591.00 4.00 -4.00 10.80 0.00 8.73 0.00 177.00 8.00
1366592.00 4.00 -6.00 11.10 0.00 8.82 0.00 176.00 10.00
1367592.00 4.00 -6.00 11.40 0.00 8.98 0.00 178.00 10.00
1368593.00 6.00 -4.00 11.70 0.00 9.06 0.00 178.00 10.00
1369593.00 6.00 -8.00 12.00 0.00 9.22 0.00 177.00 14.00
1370592.00 8.00 -4.00 12.30 0.00 9.80 0.00 176.00 12.00
1371592.00 6.00 -6.00 12.60 0.00 10.12 0.00 177.00 12.00
1372592.00 4.00 -6.00 12.90 0.00 10.53 0.00 180.00 10.00
1373591.00 6.00 -6.00 13.20 0.00 10.78 0.00 177.00 12.00
1374591.00 6.00 -6.00 13.50 0.00 11.10 0.00 178.00 12.00
1375594.00 8.00 -6.00 13.80 0.00 11.27 0.00 177.00 14.00
1376591.00 8.00 -8.00 14.10 0.00 11.43 0.00 180.00 16.00
1377593.00 8.00 -8.00 14.40 0.00 11.76 0.00 182.00 16.00
1378592.00 6.00 -8.00 14.70 0.00 12.24 0.00 181.00 14.00
1379592.00 8.00 -8.00 15.00 0.00 12.49 0.00 181.00 16.00
1380593.00 6.00 -6.00 15.00 0.00 12.73 0.00 178.00 12.00
1381593.00 8.00 -9.00 15.00 0.00 12.82 0.00 180.00 17.00
1382590.00 8.00 -7.00 15.00 0.00 13.22 0.00 184.00 15.00
1383591.00 6.00 -8.00 15.00 0.00 13.22 0.00 180.00 14.00
1384593.00 8.00 -8.00 15.00 0.00 13.39 0.00 184.00 16.00
1385591.00 6.00 -10.00 15.00 0.00 13.88 0.00 182.00 16.00
1386591.00 8.00 -10.00 15.00 0.00 14.12 0.00 182.00 18.00
1387594.00 10.00 -10.00 15.00 0.00 14.53 0.00 181.00 20.00
1388593.00 10.00 -8.00 15.00 0.00 14.94 0.00 184.00 18.00
1389592.00 8.00 -8.00 15.00 0.00 15.51 0.00 182.00 16.00
1390592.00 8.00 -10.00 15.00 0.00 15.84 0.00 184.00 18.00
1391592.00 8.00 -6.00 15.00 0.00 15.92 0.00 186.00 14.00
1392591.00 8.00 -6.00 15.00 0.00 16.08 0.00 184.00 14.00
1393594.00 8.00 -6.00 15.00 0.00 15.76 0.00 182.00 14.00
1394591.00 8.00 -8.00 15.00 0.00 15.76 0.00 185.00 16.00
1395593.00 8.00 -6.00 15.00 0.00 15.67 0.00 182.00 14.00
1396593.00 8.00 -8.00 15.00 0.00 15.59 0.00 182.00 16.00
1397594.00 10.00 -8.00 15.00 0.00 15.51 0.00 184.00 18.00
1398592.00 8.00 -10.00 15.00 0.00 15.59 0.00 182.00 18.00
1399592.00 10.00 -8.00 15.00 0.00 15.67 0.00 180.00 18.00
1400593.00 8.00 -6.00 15.00 0.00 15.84 0.00 182.00 14.00
1401590.00 10.00 -10.00 15.00 0.00 15.92 0.00 182.00 20.00
1402593.00 8.00 -6.00 15.00 0.00 15.92 0.00 180.00 14.00
1403591.00 8.00 -8.00 15.00 0.00 15.92 0.00 180.00 16.00
1404592.00 10.00 -6.00 15.00 0.00 15.51 0.00 177.00 16.00
1405592.00 8.00 -8.00 15.00 0.00 15.67 0.00 177.00 16.00
1406591.00 10.00 -8.00 15.00 0.00 15.59 0.00 177.00 18.00
1407592.00 8.00 -8.00 15.00 0.00 15.51 0.00 177.00 16.00
1408591.00 8.00 -8.00 15.00 0.00 15.18 0.00 176.00 16.00
1409593.00 8.00 -10.00 15.00 0.00 15.02 0.00 176.00 18.00
1410590.00 6.00 -8.00 15.00 0.00 15.10 0.00 176.00 14.00
1411590.00 6.00 -8.00 15.00 0.00 14.69 0.00 176.00 14.00
1412592.00 8.00 -8.00 15.00 0.00 14.20 0.00 174.00 16.00
1413591.00 6.00 -8.00 15.00 0.00 14.04 0.00 172.00 14.00
1414593.00 6.00 -8.00 15.00 0.00 13.88 0.00 171.00 14.00
1415591.00 6.00 -8.00 15.00 0.00 13.39 0.00 170.00 14.00
1416593.00 8.00 -6.00 15.00 0.00 13.31 0.00 166.00 14.00
1417592.00 10.00 -10.00 15.00 0.00 13.47 0.00 166.00 20.00
1418591.00 8.00 -8.00 15.00 0.00 13.22 0.00 163.00 16.00
1419593.00 6.00 -8.00 15.00 0.00 13.22 0.00 162.00 14.00
1420591.00 8.00 -8.00 15.00 0.00 13.22 0.00 163.00 16.00
1421592.00 6.00 -6.00 15.00 0.00 13.22 0.00 162.00 12.00
1422592.00 6.00 -8.00 15.00 0.00 13.14 0.00 162.00 14.00
1423589.00 6.00 -8.00 15.00 0.00 13.22 0.00 160.00 14.00
1424590.00 6.00 -10.00 15.00 0.00 13.14 0.00 160.00 16.00
1425592.00 6.00 -8.00 15.00 0.00 12.82 0.00 160.00 14.00
1426591.00 8.00 -8.00 15.00 0.00 13.06 0.00 156.00 16.00
1427591.00 8.00 -8.00 15.00 0.00 12.98 0.00 156.00 16.00
1428593.00 12.00 -10.00 15.00 0.00 13.14 0.00 154.00 22.00
1429592.00 12.00 -8.00 15.00 0.00 13.71 0.00 152.00 20.00
1430592.00 10.00 -8.00 15.00 0.00 14.37 0.00 154.00 18.00
1431593.00 10.00 -10.00 15.00 0.00 15.02 0.00 152.00 20.00
1432591.00 8.00 -8.00 15.00 0.00 15.51 0.00 149.00 16.00
1433593.00 8.00 -6.00 15.00 0.00 15.76 0.00 152.00 14.00
1434590.00 8.00 -8.00 15.00 0.00 15.92 0.00 149.00 16.00
1435592.00 8.00 -8.00 15.00 0.00 16.16 0.00 150.00 16.00
1436592.00 8.00 -8.00 15.00 0.00 16.16 0.00 150.00 16.00
1437592.00 8.00 -8.00 15.00 0.00 16.16 0.00 150.00 16.00
1438592.00 8.00 -8.00 15.00 0.00 16.16 0.00 149.00 16.00
1439593.00 10.00 -8.00 15.00 0.00 16.08 0.00 148.00 18.00
1440592.00 8.00 -6.00 15.00 0.00 15.76 0.00 144.00 14.00
1441592.00 8.00 -8.00 15.00 0.00 15.51 0.00 148.00 16.00
1442592.00 8.00 -6.00 15.00 0.00 15.59 0.00 154.00 14.00
1443590.00 8.00 -8.00 15.00 0.00 15.27 0.00 153.00 16.00
1444591.00 6.00 -10.00 15.00 0.00 14.94 0.00 149.00 16.00
1445592.00 8.00 -8.00 15.00 0.00 15.43 0.00 152.00 16.00
1446591.00 8.00 -8.00 15.00 0.00 15.10 0.00 148.00 16.00
1447593.00 8.00 -9.00 15.00 0.00 15.02 0.00 146.00 17.00
1448590.00 10.00 -8.00 15.00 0.00 15.10 0.00 148.00 18.00
1449590.00 8.00 -8.00 15.00 0.00 15.02 0.00 150.00 16.00
1450591.00 8.00 -8.00 15.00 0.00 14.94 0.00 153.00 16.00
1451593.00 8.00 -8.00 15.00 0.00 14.86 0.00 154.00 16.00
1452591.00 8.00 -8.00 15.00 0.00 14.94 0.00 155.00 16.00
1453591.00 8.00 -6.00 15.00 0.00 14.94 0.00 160.00 14.00
1454591.00 6.00 -8.00 15.00 0.00 14.53 0.00 160.00 14.00
1455591.00 8.00 -8.00 15.00 0.00 14.45 0.00 160.00 16.00
1456592.00 8.00 -6.00 15.00 0.00 14.20 0.00 162.00 14.00
1457591.00 8.00 -8.00 15.00 0.00 14.20 0.00 162.00 16.00
1458592.00 6.00 -8.00 15.00 0.00 14.04 0.00 160.00 14.00
1459592.00 8.00 -8.00 15.00 0.00 13.88 0.00 162.00 16.00
1460592.00 8.00 -6.00 15.00 0.00 13.55 0.00 162.00 14.00
1461591.00 6.00 -8.00 15.00 0.00 13.39 0.00 162.00 14.00
1462591.00 6.00 -6.00 15.00 0.00 13.22 0.00 164.00 12.00
1463590.00 8.00 -6.00 15.00 0.00 12.90 0.00 168.00 14.00
1464590.00 6.00 -6.00 15.00 0.00 12.82 0.00 167.00 12.00
1465589.00 8.00 -8.00 15.00 0.00 12.65 0.00 170.00 16.00
1466590.00 6.00 -8.00 15.00 0.00 12.49 0.00 170.00 14.00
1467592.00 6.00 -8.00 15.00 0.00 12.57 0.00 170.00 14.00
1468590.00 8.00 -10.00 15.00 0.00 12.65 0.00 172.00 18.00
1469590.00 6.00 -10.00 15.00 0.00 12.73 0.00 172.00 16.00
1470591.00 6.00 -10.00 15.00 0.00 12.90 0.00 172.00 16.00
1471590.00 6.00 -10.00 15.00 0.00 12.82 0.00 174.00 16.00
1472591.00 6.00 -10.00 15.00 0.00 13.39 0.00 174.00 16.00
1473590.00 8.00 -8.00 15.00 0.00 13.31 0.00 173.00 16.00
1474590.00 12.00 -8.00 15.00 0.00 13.80 0.00 176.00 20.00
1475593.00 12.00 -8.00 15.00 0.00 14.20 0.00 172.00 20.00
1476593.00 10.00 -8.00 15.00 0.00 14.94 0.00 172.00 18.00
1477591.00 12.00 -8.00 15.00 0.00 14.94 0.00 172.00 20.00
1478592.00 10.00 -8.00 15.00 0.00 15.43 0.00 173.00 18.00
1479593.00 10.00 -8.00 15.00 0.00 15.59 0.00 176.00 18.00
1480593.00 8.00 -6.00 15.00 0.00 15.67 0.00 176.00 14.00
1481593.00 6.00 -8.00 15.00 0.00 16.08 0.00 179.00 14.00
1482592.00 6.00 -8.00 15.00 0.00 15.92 0.00 180.00 14.00
1483591.00 8.00 -8.00 15.00 0.00 15.92 0.00 180.00 16.00
1484592.00 8.00 -6.00 15.00 0.00 15.92 0.00 178.00 14.00
1485591.00 8.00 -8.00 15.00 0.00 15.84 0.00 180.00 16.00
1486591.00 8.00 -8.00 15.00 0.00 15.84 0.00 180.00 16.00
1487591.00 8.00 -8.00 15.00 0.00 15.76 0.00 176.00 16.00
1488592.00 8.00 -8.00 15.00 0.00 15.59 0.00 176.00 16.00
1489592.00 8.00 -8.00 15.00 0.00 15.51 0.00 176.00 16.00
1490593.00 6.00 -8.00 15.00 0.00 15.59 0.00 181.00 14.00
1491591.00 8.00 -8.00 15.00 0.00 15.67 0.00 178.00 16.00
1492590.00 8.00 -8.00 15.00 0.00 15.76 0.00 176.00 16.00
1493591.00 6.00 -6.00 15.00 0.00 15.59 0.00 176.00 12.00
1494591.00 8.00 -8.00 15.00 0.00 15.51 0.00 176.00 16.00
1495589.00 6.00 -8.00 15.00 0.00 15.35 0.00 176.00 14.00
1496591.00 8.00 -6.00 15.00 0.00 15.35 0.00 176.00 14.00
1497590.00 8.00 -10.00 15.00 0.00 15.51 0.00 176.00 18.00
1498591.00 10.00 -8.00 15.00 0.00 15.35 0.00 176.00 18.00
1499590.00 8.00 -8.00 15.00 0.00 15.18 0.00 176.00 16.00
1500591.00 8.00 -8.00 15.00 0.00 15.10 0.00 176.00 16.00
1501591.00 6.00 -6.00 15.00 0.00 15.10 0.00 174.00 12.00
1502591.00 8.00 -10.00 15.00 0.00 14.94 0.00 176.00 18.00
1503592.00 6.00 -6.00 15.00 0.00 14.86 0.00 172.00 12.00
1504591.00 8.00 -8.00 15.00 0.00 14.78 0.00 173.00 16.00
1505591.00 6.00 -8.00 15.00 0.00 14.69 0.00 176.00 14.00
1506590.00 6.00 -8.00 15.00 0.00 14.69 0.00 172.00 14.00
1507590.00 8.00 -8.00 15.00 0.00 14.61 0.00 172.00 16.00
1508592.00 8.00 -8.00 15.00 0.00 14.61 0.00 170.00 16.00
1509594.00 6.00 -8.00 15.00 0.00 14.53 0.00 169.00 14.00
1510591.00 8.00 -8.00 15.00 0.00 14.45 0.00 170.00 16.00
1511591.00 8.00 -6.00 15.00 0.00 14.37 0.00 168.00 14.00
1512591.00 6.00 -8.00 15.00 0.00 14.37 0.00 166.00 14.00
1513591.00 6.00 -6.00 15.00 0.00 14.12 0.00 164.00 12.00
1514591.00 7.00 -6.00 15.00 0.00 13.96 0.00 161.00 13.00
1515592.00 8.00 -6.00 15.00 0.00 13.88 0.00 162.00 14.00
1516590.00 6.00 -4.00 15.00 0.00 13.55 0.00 160.00 10.00
1517591.00 6.00 -6.00 15.00 0.00 13.47 0.00 160.00 12.00
1518591.00 8.00 -6.00 15.00 0.00 13.22 0.00 160.00 14.00
1519591.00 8.00 -4.00 15.00 0.00 13.06 0.00 160.00 12.00
1520589.00 12.00 -6.00 15.00 0.00 13.14 0.00 160.00 18.00
1521592.00 10.00 -6.00 15.00 0.00 12.73 0.00 160.00 16.00
1522590.00 8.00 -6.00 15.00 0.00 12.65 0.00 156.00 14.00
1523592.00 8.00 -10.00 15.00 0.00 12.57 0.00 160.00 18.00
1524592.00 8.00 -6.00 15.00 0.00 12.90 0.00 160.00 14.00
1525592.00 8.00 -6.00 15.00 0.00 13.22 0.00 160.00 14.00
1526590.00 6.00 -6.00 15.00 0.00 13.80 0.00 161.00 12.00
1527590.00 8.00 -6.00 15.00 0.00 14.04 0.00 164.00 14.00
1528590.00 6.00 -6.00 15.00 0.00 14.04 0.00 164.00 12.00
1529593.00 10.00 -6.00 15.00 0.00 14.20 0.00 169.00 16.00
1530591.00 8.00 -6.00 15.00 0.00 14.29 0.00 170.00 14.00
1531591.00 10.00 -6.00 15.00 0.00 14.37 0.00 176.00 16.00
1532591.00 8.00 -12.00 15.00 0.00 14.53 0.00 176.00 20.00
1533590.00 6.00 -14.00 15.00 0.00 15.02 0.00 176.00 20.00
1534591.00 8.00 -12.00 15.00 0.00 14.69 0.00 178.00 20.00
1535592.00 10.00 -12.00 15.00 0.00 15.02 0.00 182.00 22.00
1536593.00 8.00 -12.00 15.00 0.00 15.67 0.00 192.00 20.00
1537591.00 8.00 -14.00 15.00 0.00 15.67 0.00 192.00 22.00
1538590.00 10.00 -12.00 15.00 0.00 16.00 0.00 192.00 22.00
1539592.00 8.00 -14.00 15.00 0.00 15.92 0.00 200.00 22.00
1540591.00 10.00 -12.00 15.00 0.00 16.16 0.00 206.00 22.00
1541591.00 10.00 -10.00 15.00 0.00 16.49 0.00 210.00 20.00
1542591.00 8.00 -10.00 15.00 0.00 16.41 0.00 213.00 18.00
1543592.00 8.00 -10.00 15.00 0.00 16.24 0.00 221.00 18.00
1544592.00 10.00 -10.00 15.00 0.00 15.92 0.00 227.00 20.00
1545591.00 8.00 -12.00 15.00 0.00 15.84 0.00 234.00 20.00
1546592.00 10.00 -8.00 15.00 0.00 16.00 0.00 242.00 18.00
1547592.00 8.00 -6.00 14.70 0.00 15.84 0.00 244.00 14.00
1548594.00 10.00 -4.00 14.40 0.00 15.35 0.00 256.00 14.00
1549592.00 6.00 -4.00 14.10 0.00 15.18 0.00 258.00 10.00
1550591.00 6.00 -4.00 13.80 0.00 13.55 0.00 267.00 10.00
1551590.00 4.00 -4.00 13.50 0.00 12.00 0.00 264.00 8.00
1552591.00 4.00 -2.00 13.20 0.00 10.37 0.00 266.00 6.00
1553592.00 4.00 -2.00 12.90 0.00 9.22 0.00 272.00 6.00
1554590.00 6.00 -4.00 12.60 0.00 9.06 0.00 274.00 10.00
1555591.00 6.00 -2.00 12.30 0.00 8.90 0.00 276.00 8.00
1556592.00 6.00 -2.00 12.00 0.00 8.41 0.00 280.00 8.00
1557590.00 6.00 -4.00 11.70 0.00 8.33 0.00 284.00 10.00
1558590.00 6.00 -3.00 11.40 0.00 8.08 0.00 282.00 9.00
1559590.00 6.00 -3.00 11.10 0.00 8.08 0.00 288.00 9.00
1560591.00 4.00 -4.00 10.80 0.00 8.08 0.00 288.00 8.00
1561593.00 6.00 -4.00 10.50 0.00 7.84 0.00 292.00 10.00
1562591.00 6.00 -6.00 10.20 0.00 8.00 0.00 294.00 12.00
1563590.00 6.00 -4.00 9.90 0.00 8.16 0.00 297.00 10.00
1564591.00 6.00 -4.00 9.60 0.00 8.08 0.00 301.00 10.00
1565592.00 6.00 -2.00 9.30 0.00 8.16 0.00 302.00 8.00
1566591.00 4.00 -4.00 9.00 0.00 8.33 0.00 304.00 8.00
1567592.00 6.00 -4.00 8.70 0.00 8.33 0.00 306.00 10.00
1568593.00 4.00 -6.00 8.40 0.00 8.24 0.00 307.00 10.00
1569592.00 6.00 -8.00 8.10 0.00 8.33 0.00 308.00 14.00
1570592.00 6.00 -10.00 7.80 0.00 8.33 0.00 311.00 16.00
1571593.00 6.00 -10.00 7.50 0.00 8.49 0.00 314.00 16.00
1572593.00 6.00 -10.00 7.20 0.00 9.22 0.00 320.00 16.00
1573591.00 6.00 -10.00 6.90 0.00 10.04 0.00 320.00 16.00
1574592.00 8.00 -8.00 6.60 0.00 11.02 0.00 322.00 16.00
1575592.00 6.00 -8.00 6.30 0.00 12.00 0.00 328.00 14.00
1576593.00 6.00 -8.00 6.00 0.00 12.08 0.00 333.00 14.00
1577594.00 6.00 -6.00 5.70 0.00 12.41 0.00 336.00 12.00
1578591.00 6.00 -8.00 5.40 0.00 12.49 0.00 338.00 14.00
1579592.00 8.00 -6.00 5.10 0.00 12.65 0.00 342.00 14.00
1580592.00 6.00 -4.00 4.80 0.00 12.57 0.00 349.00 10.00
1581591.00 6.00 -6.00 4.50 0.00 12.41 0.00 353.00 12.00
1582591.00 8.00 -6.00 4.20 0.00 12.16 0.00 362.00 14.00
1583592.00 6.00 -4.00 3.90 0.00 12.24 0.00 363.00 10.00
1584591.00 6.00 -6.00 3.60 0.00 12.16 0.00 366.00 12.00
1585592.00 2.00 -4.00 3.30 0.00 11.59 0.00 370.00 6.00
1586591.00 0.00 -4.00 3.00 0.00 11.18 0.00 372.00 4.00
1587592.00 -2.00 -6.00 2.70 0.00 11.10 0.00 379.00 4.00
1588594.00 0.00 -4.00 2.40 0.00 10.45 0.00 384.00 4.00
1589591.00 -2.00 -4.00 2.10 0.00 9.96 0.00 384.00 2.00
1590592.00 0.00 -4.00 1.80 0.00 9.22 0.00 384.00 4.00
1591592.00 0.00 -4.00 1.50 0.00 8.49 0.00 386.00 4.00
1592591.00 0.00 0.00 1.20 0.00 8.57 0.00 392.00 0.00
1593590.00 0.00 2.00 0.90 0.00 8.65 0.00 394.00 -2.00
1594592.00 0.00 6.00 0.60 0.00 7.84 0.00 396.00 -6.00
1595593.00 0.00 6.00 0.30 0.00 6.53 0.00 400.00 -6.00
1596592.00 -2.00 6.00 0.00 0.00 5.47 0.00 400.00 -8.00
1597595.00 -2.00 6.00 0.00 0.00 4.65 0.00 400.00 -8.00
1598595.00 -2.00 6.00 0.00 0.00 4.08 0.00 400.00 -8.00
1599593.00 -2.00 2.00 0.00 0.00 3.67 0.00 401.00 -4.00
1600594.00 -4.00 4.00 0.00 0.00 3.18 0.00 404.00 -8.00
1601595.00 -2.00 0.00 0.00 0.00 2.69 0.00 405.00 -2.00
1602594.00 -4.00 -2.00 0.00 0.00 1.96 0.00 404.00 -2.00
1603594.00 -2.00 0.00 0.00 0.00 1.06 0.00 406.00 -2.00
1604596.00 -2.00 0.00 0.00 0.00 0.16 0.00 408.00 -2.00
1605594.00 -2.00 0.00 0.00 0.00 -0.90 0.00 413.00 -2.00
1606593.00 0.00 0.00 0.00 0.00 -0.90 0.00 404.00 0.00
1607594.00 0.00 2.00 0.00 0.00 -1.22 0.00 405.00 -2.00
1608594.00 -2.00 0.00 0.00 0.00 -2.04 0.00 403.00 -2.00
1609595.00 0.00 2.00 0.00 0.00 -2.20 0.00 400.00 -2.00
1610595.00 0.00 0.00 0.00 0.00 -2.37 0.00 400.00 0.00
1611593.00 0.00 2.00 0.00 0.00 -2.37 0.00 400.00 -2.00
1612593.00 0.00 0.00 0.00 0.00 -2.29 0.00 400.00 0.00
1613596.00 0.00 2.00 0.00 0.00 -2.29 0.00 400.00 -2.00
1614594.00 -2.00 2.00 0.00 0.00 -2.20 0.00 400.00 -4.00
1615593.00 0.00 2.00 0.00 0.00 -2.04 0.00 397.00 -2.00
1616594.00 0.00 2.00 0.00 0.00 -2.12 0.00 400.00 -2.00
1617595.00 -2.00 0.00 0.00 0.00 -2.04 0.00 400.00 -2.00
1618596.00 0.00 2.00 0.00 0.00 -2.20 0.00 400.00 -2.00
1619595.00 0.00 2.00 0.00 0.00 -2.04 0.00 396.00 -2.00
1620595.00 0.00 0.00 0.00 0.00 -2.12 0.00 394.00 0.00
1621595.00 0.00 2.00 0.00 0.00 -2.04 0.00 396.00 -2.00
1622595.00 -2.00 2.00 0.00 0.00 -1.88 0.00 396.00 -4.00
1623594.00 0.00 0.00 0.00 0.00 -1.88 0.00 393.00 0.00
1624593.00 0.00 0.00 0.00 0.00 -1.80 0.00 394.00 0.00
1625594.00 0.00 0.00 0.00 0.00 -1.71 0.00 392.00 0.00
1626596.00 -2.00 0.00 0.00 0.00 -1.55 0.00 388.00 -2.00
1627594.00 0.00 0.00 0.00 0.00 -1.39 0.00 391.00 0.00
1628595.00 0.00 0.00 0.00 0.00 -1.06 0.00 391.00 0.00
1629595.00 0.00 -2.00 0.00 0.00 -0.90 0.00 390.00 2.00
1630596.00 0.00 0.00 0.00 0.00 -0.65 0.00 391.00 0.00
1631596.00 -2.00 0.00 0.00 0.00 -0.57 0.00 386.00 -2.00
1632596.00 0.00 -2.00 0.00 0.00 -0.41 0.00 387.00 2.00
1633595.00 0.00 0.00 0.00 0.00 -0.16 0.00 388.00 0.00
1634587.00 0.00 0.00 0.00 0.00 0.00 0.00 387.00 0.00
1635594.00 0.00 0.00 0.00 0.00 0.16 0.00 389.00 0.00
1636594.00 0.00 0.00 0.00 0.00 0.33 0.00 390.00 0.00
1637593.00 0.00 2.00 0.00 0.00 0.41 0.00 390.00 -2.00
1638594.00 0.00 0.00 0.00 0.00 0.57 0.00 390.00 0.00
1639595.00 0.00 2.00 0.00 0.00 0.57 0.00 391.00 -2.00
1640594.00 0.00 0.00 0.00 0.00 0.49 0.00 392.00 0.00
1641593.00 0.00 0.00 0.00 0.00 0.41 0.00 391.00 0.00
1642595.00 0.00 0.00 0.00 0.00 0.33 0.00 390.00 0.00
1643595.00 0.00 0.00 0.00 0.00 0.33 0.00 390.00 0.00
1644595.00 0.00 0.00 0.00 0.00 0.16 0.00 392.00 0.00
1645594.00 2.00 0.00 0.00 0.00 0.24 0.00 391.00 2.00
1646595.00 0.00 0.00 0.00 0.00 0.16 0.00 392.00 0.00
1647594.00 0.00 0.00 0.00 0.00 0.16 0.00 394.00 0.00
1648595.00 0.00 0.00 0.00 0.00 0.24 0.00 393.00 0.00
1649595.00 0.00 0.00 0.00 0.00 0.24 0.00 392.00 0.00
1650594.00 0.00 0.00 0.00 0.00 0.16 0.00 394.00 0.00
1651594.00 0.00 0.00 0.00 0.00 0.08 0.00 394.00 0.00
1652589.00 0.00 0.00 0.00 0.00 0.00 0.00 391.00 0.00
1653594.00 0.00 0.00 0.00 0.00 0.08 0.00 394.00 0.00
1654593.00 0.00 0.00 0.00 0.00 0.08 0.00 392.00 0.00
1655594.00 0.00 0.00 0.00 0.00 0.16 0.00 391.00 0.00
1656595.00 -2.00 -2.00 0.00 0.00 0.08 0.00 392.00 0.00
1657593.00 0.00 0.00 0.00 0.00 0.08 0.00 391.00 0.00
1658593.00 0.00 0.00 0.00 0.00 0.16 0.00 393.00 0.00
1659596.00 0.00 0.00 0.00 0.00 0.16 0.00 394.00 0.00
1660595.00 0.00 0.00 0.00 0.00 0.24 0.00 394.00 0.00
1661594.00 0.00 0.00 0.00 0.00 0.16 0.00 392.00 0.00
1662593.00 0.00 -2.00 0.00 0.00 0.16 0.00 397.00 2.00
1663593.00 0.00 0.00 0.00 0.00 0.08 0.00 394.00 0.00
1664595.00 0.00 0.00 0.00 0.00 0.08 0.00 396.00 0.00
1665588.00 0.00 0.00 0.00 0.00 0.00 0.00 393.00 0.00
1666588.00 0.00 0.00 0.00 0.00 0.00 0.00 396.00 0.00
1667594.00 0.00 0.00 0.00 0.00 0.08 0.00 394.00 0.00
1668590.00 0.00 0.00 0.00 0.00 0.00 0.00 393.00 0.00
1669595.00 0.00 -2.00 0.00 0.00 0.08 0.00 394.00 2.00
1670594.00 0.00 0.00 0.00 0.00 0.08 0.00 393.00 0.00
1671594.00 -2.00 0.00 0.00 0.00 0.00 0.00 393.00 -2.00
1672589.00 0.00 0.00 0.00 0.00 0.00 0.00 393.00 0.00
1673589.00 0.00 0.00 0.00 0.00 0.00 0.00 394.00 0.00
1674588.00 0.00 0.00 0.00 0.00 0.00 0.00 395.00 0.00
1675589.00 0.00 0.00 0.00 0.00 0.00 0.00 392.00 0.00
1676596.00 0.00 -2.00 0.00 0.00 0.08 0.00 393.00 2.00
1677593.00 0.00 0.00 0.00 0.00 0.16 0.00 394.00 0.00
1678593.00 0.00 0.00 0.00 0.00 0.08 0.00 392.00 0.00
1679595.00 0.00 0.00 0.00 0.00 0.08 0.00 394.00 0.00
1680589.00 0.00 0.00 0.00 0.00 0.00 0.00 394.00 0.00
1681592.00 -2.00 0.00 0.00 0.00 0.00 0.00 394.00 -2.00
1682592.00 0.00 -2.00 0.00 0.00 0.08 0.00 396.00 2.00
1683587.00 0.00 0.00 0.00 0.00 0.00 0.00 394.00 0.00
1684589.00 0.00 0.00 0.00 0.00 0.00 0.00 393.00 0.00
1685593.00 0.00 2.00 0.00 0.00 0.00 0.00 396.00 -2.00
1686595.00 0.00 0.00 0.00 0.00 -0.08 0.00 396.00 0.00
1687595.00 0.00 0.00 0.00 0.00 -0.33 0.00 393.00 0.00
1688594.00 0.00 0.00 0.00 0.00 -0.49 0.00 396.00 0.00
1689594.00 0.00 0.00 0.00 0.00 -0.49 0.00 393.00 0.00
1690596.00 -2.00 0.00 0.00 0.00 -0.49 0.00 393.00 -2.00
1691595.00 0.00 0.00 0.00 0.00 -0.41 0.00 394.00 0.00
1692594.00 0.00 0.00 0.00 0.00 -0.41 0.00 392.00 0.00
1693594.00 0.00 0.00 0.00 0.00 -0.57 0.00 392.00 0.00
1694595.00 0.00 0.00 0.00 0.00 -0.49 0.00 395.00 0.00
1695594.00 0.00 0.00 0.00 0.00 -0.41 0.00 394.00 0.00
1696593.00 0.00 0.00 0.00 0.00 -0.41 0.00 394.00 0.00
1697594.00 -2.00 0.00 0.00 0.00 -0.33 0.00 392.00 -2.00
1698595.00 0.00 0.00 0.00 0.00 -0.24 0.00 393.00 0.00
1699594.00 0.00 0.00 0.00 0.00 -0.33 0.00 390.00 0.00
1700594.00 0.00 0.00 0.00 0.00 -0.24 0.00 394.00 0.00
1701593.00 0.00 0.00 0.00 0.00 -0.24 0.00 392.00 0.00
1702594.00 0.00 0.00 0.00 0.00 -0.24 0.00 393.00 0.00
1703592.00 0.00 0.00 0.00 0.00 -0.24 0.00 393.00 0.00
1704593.00 0.00 0.00 0.00 0.00 -0.16 0.00 390.00 0.00
1705592.00 0.00 0.00 0.00 0.00 -0.08 0.00 392.00 0.00
1706594.00 0.00 0.00 0.00 0.00 -0.08 0.00 392.00 0.00
1707588.00 0.00 0.00 0.00 0.00 0.00 0.00 393.00 0.00
1708589.00 0.00 0.00 0.00 0.00 0.00 0.00 392.00 0.00
1709589.00 0.00 0.00 0.00 0.00 0.00 0.00 390.00 0.00
1710595.00 0.00 0.00 0.00 0.00 0.08 0.00 392.00 0.00
1711595.00 0.00 0.00 0.00 0.00 0.08 0.00 392.00 0.00
1712595.00 0.00 0.00 0.00 0.00 0.08 0.00 394.00 0.00
1713594.00 0.00 0.00 0.00 0.00 0.16 0.00 394.00 0.00
1714594.00 0.00 0.00 0.00 0.00 0.16 0.00 394.00 0.00
1715595.00 0.00 0.00 0.00 0.00 0.08 0.00 392.00 0.00
1716589.00 0.00 0.00 0.00 0.00 0.00 0.00 393.00 0.00
1717589.00 0.00 0.00 0.00 0.00 0.00 0.00 394.00 0.00
1718589.00 0.00 0.00 0.00 0.00 0.00 0.00 394.00 0.00
1719587.00 0.00 0.00 0.00 0.00 0.00 0.00 394.00 0.00
1720589.00 0.00 0.00 0.00 0.00 0.00 0.00 394.00 0.00
1721587.00 0.00 0.00 0.00 0.00 0.00 0.00 394.00 0.00
1722588.00 0.00 0.00 0.00 0.00 0.00 0.00 394.00 0.00
1723588.00 0.00 0.00 0.00 0.00 0.00 0.00 392.00 0.00
1724587.00 0.00 0.00 0.00 0.00 0.00 0.00 394.00 0.00
1725587.00 0.00 0.00 0.00 0.00 0.00 0.00 391.00 0.00
1726589.00 0.00 0.00 0.00 0.00 0.00 0.00 395.00 0.00
1727586.00 0.00 0.00 0.00 0.00 0.00 0.00 392.00 0.00
1728589.00 0.00 0.00 0.00 0.00 0.00 0.00 395.00 0.00
1729588.00 0.00 0.00 0.00 0.00 0.00 0.00 394.00 0.00
1730587.00 0.00 0.00 0.00 0.00 0.00 0.00 393.00 0.00
1731593.00 0.00 0.00 0.00 0.00 -0.08 0.00 393.00 0.00
1732593.00 0.00 0.00 0.00 0.00 -0.08 0.00 394.00 0.00
1733594.00 0.00 0.00 0.00 0.00 -0.08 0.00 392.00 0.00
1734588.00 0.00 0.00 0.00 0.00 0.00 0.00 393.00 0.00
1735590.00 0.00 0.00 0.00 0.00 0.00 0.00 394.00 0.00
1736588.00 0.00 0.00 0.00 0.00 0.00 0.00 393.00 0.00
1737588.00 0.00 0.00 0.00 0.00 0.00 0.00 393.00 0.00
1738588.00 0.00 0.00 0.00 0.00 0.00 0.00 394.00 0.00
1739593.00 0.00 0.00 0.00 0.00 -0.08 0.00 390.00 0.00
1740593.00 0.00 0.00 0.00 0.00 -0.08 0.00 391.00 0.00
1741593.00 0.00 0.00 0.00 0.00 -0.08 0.00 394.00 0.00
1742594.00 0.00 0.00 0.00 0.00 -0.08 0.00 394.00 0.00
1743587.00 0.00 0.00 0.00 0.00 0.00 0.00 395.00 0.00
1744587.00 0.00 0.00 0.00 0.00 0.00 0.00 393.00 0.00
1745589.00 0.00 0.00 0.00 0.00 0.00 0.00 393.00 0.00
1746595.00 0.00 0.00 0.00 0.00 -0.08 0.00 392.00 0.00
1747596.00 0.00 0.00 0.00 0.00 -0.08 0.00 392.00 0.00
1748588.00 0.00 0.00 0.00 0.00 0.00 0.00 393.00 0.00
1749589.00 0.00 0.00 0.00 0.00 0.00 0.00 392.00 0.00
1750587.00 0.00 0.00 0.00 0.00 0.00 0.00 396.00 0.00
1751589.00 0.00 0.00 0.00 0.00 0.00 0.00 392.00 0.00
1752588.00 0.00 0.00 0.00 0.00 0.00 0.00 393.00 0.00
1753588.00 0.00 0.00 0.00 0.00 0.00 0.00 394.00 0.00
1754589.00 0.00 0.00 0.00 0.00 0.00 0.00 392.00 0.00
1755589.00 0.00 0.00 0.00 0.00 0.00 0.00 392.00 0.00
1756587.00 0.00 0.00 0.00 0.00 0.00 0.00 392.00 0.00
1757589.00 0.00 0.00 0.00 0.00 0.00 0.00 392.00 0.00
1758588.00 0.00 0.00 0.00 0.00 0.00 0.00 394.00 0.00
1759588.00 0.00 0.00 0.00 0.00 0.00 0.00 394.00 0.00
1760588.00 0.00 0.00 0.00 0.00 0.00 0.00 394.00 0.00
1761587.00 0.00 0.00 0.00 0.00 0.00 0.00 396.00 0.00
1762587.00 0.00 0.00 0.00 0.00 0.00 0.00 396.00 0.00
1763588.00 0.00 0.00 0.00 0.00 0.00 0.00 393.00 0.00
1764586.00 0.00 0.00 0.00 0.00 0.00 0.00 394.00 0.00
1765588.00 0.00 0.00 0.00 0.00 0.00 0.00 393.00 0.00
1766590.00 0.00 0.00 0.00 0.00 0.00 0.00 394.00 0.00
1767588.00 0.00 0.00 0.00 0.00 0.00 0.00 393.00 0.00
1768588.00 0.00 0.00 0.00 0.00 0.00 0.00 392.00 0.00
1769588.00 0.00 0.00 0.00 0.00 0.00 0.00 394.00 0.00
1770594.00 0.00 0.00 0.00 0.00 -0.08 0.00 392.00 0.00
1771587.00 0.00 0.00 0.00 0.00 0.00 0.00 392.00 0.00
1772589.00 0.00 0.00 0.00 0.00 0.00 0.00 394.00 0.00
1773589.00 0.00 0.00 0.00 0.00 0.00 0.00 392.00 0.00
1774589.00 0.00 0.00 0.00 0.00 0.00 0.00 394.00 0.00
1775589.00 0.00 0.00 0.00 0.00 0.00 0.00 390.00 0.00
1776589.00 0.00 0.00 0.00 0.00 0.00 0.00 394.00 0.00
1777595.00 0.00 0.00 0.00 0.00 -0.08 0.00 394.00 0.00
1778587.00 0.00 0.00 0.00 0.00 0.00 0.00 392.00 0.00
1779586.00 0.00 0.00 0.00 0.00 0.00 0.00 393.00 0.00
1780590.00 0.00 0.00 0.00 0.00 0.00 0.00 392.00 0.00
1781588.00 0.00 0.00 0.00 0.00 0.00 0.00 394.00 0.00
1782587.00 0.00 0.00 0.00 0.00 0.00 0.00 394.00 0.00
1783588.00 0.00 0.00 0.00 0.00 0.00 0.00 394.00 0.00
1784588.00 0.00 0.00 0.00 0.00 0.00 0.00 394.00 0.00
1785592.00 0.00 0.00 0.00 0.00 -0.08 0.00 395.00 0.00
1786588.00 0.00 0.00 0.00 0.00 0.00 0.00 390.00 0.00
1787587.00 0.00 0.00 0.00 0.00 0.00 0.00 392.00 0.00
1788589.00 0.00 0.00 0.00 0.00 0.00 0.00 389.00 0.00
1789588.00 0.00 0.00 0.00 0.00 0.00 0.00 395.00 0.00
1790588.00 0.00 0.00 0.00 0.00 0.00 0.00 393.00 0.00
1791589.00 0.00 0.00 0.00 0.00 0.00 0.00 396.00 0.00
1792594.00 0.00 0.00 0.00 0.00 -0.08 0.00 394.00 0.00
1793587.00 0.00 0.00 0.00 0.00 0.00 0.00 393.00 0.00
1794587.00 0.00 0.00 0.00 0.00 0.00 0.00 393.00 0.00
1795589.00 0.00 0.00 0.00 0.00 0.00 0.00 394.00 0.00
1796588.00 0.00 0.00 0.00 0.00 0.00 0.00 393.00 0.00
