COMIENZO TELEMETRIA
1064697.00 0.00 0.00 0.00 0.00 0.00 -4.00 4.00
1065692.00 0.00 0.00 0.00 0.00 0.00 -4.00 4.00
1066705.00 0.00 0.00 0.00 0.18 0.00 1.00 9.00
1067705.00 0.00 0.00 -0.04 0.37 -0.07 6.00 16.00
1069701.00 0.00 0.00 0.00 0.73 0.00 19.00 27.00
1070702.00 0.00 0.00 0.00 0.92 0.00 25.00 33.00
1071702.00 0.00 0.00 0.00 1.10 0.00 31.00 39.00
1072700.00 0.00 0.00 0.00 1.28 0.00 37.00 45.00
1074705.00 0.00 0.00 -0.04 1.65 -0.07 49.00 59.00
1075706.00 0.00 0.00 -0.04 1.83 -0.07 55.00 65.00
1076700.00 0.00 0.00 0.00 2.01 0.00 63.00 71.00
1077699.00 0.00 0.00 0.00 2.20 0.00 70.00 78.00
1079705.00 0.00 0.00 -0.04 2.56 -0.07 83.00 93.00
1080702.00 0.00 0.00 0.00 2.75 0.00 91.00 99.00
1081705.00 0.00 0.00 -0.11 2.93 -0.22 96.00 108.00
1082706.00 2.00 2.00 -0.07 3.11 -0.14 -17.00 -7.00
1084706.00 2.00 0.00 0.61 3.48 0.22 67.00 53.00
1085706.00 0.00 0.00 0.18 3.66 0.36 128.00 128.00
1086705.00 2.00 2.00 0.25 3.85 0.51 14.00 12.00
1087705.00 0.00 0.00 0.33 4.03 0.65 143.00 139.00
1089705.00 0.00 0.00 0.25 4.40 0.51 157.00 155.00
1090708.00 2.00 0.00 0.83 4.58 0.65 116.00 90.00
1091706.00 2.00 2.00 0.36 4.76 0.72 53.00 45.00
1092707.00 2.00 0.00 0.90 4.95 0.80 131.00 101.00
1094707.00 2.00 0.00 0.86 5.31 0.72 145.00 117.00
1095707.00 2.00 0.00 0.86 5.49 0.72 154.00 124.00
1096705.00 2.00 2.00 0.29 5.68 0.58 89.00 81.00
1097706.00 2.00 0.00 0.79 5.86 0.58 167.00 139.00
1099706.00 3.00 2.00 0.61 6.23 0.72 86.00 64.00
1100707.00 3.00 2.00 0.65 6.41 0.80 94.00 70.00
1101704.00 2.00 2.00 0.40 6.59 0.80 127.00 111.00
1102707.00 2.00 0.00 0.93 6.78 0.87 205.00 169.00
1104708.00 4.00 2.00 0.97 7.14 0.94 101.00 61.00
1105707.00 2.00 4.00 -0.03 7.33 0.94 88.00 86.00
1106705.00 4.00 2.00 1.01 7.51 1.01 114.00 72.00
1107703.00 2.00 2.00 0.54 7.69 1.09 174.00 148.00
1109705.00 2.00 2.00 0.51 8.06 1.01 189.00 165.00
1110705.00 4.00 2.00 1.01 8.24 1.01 147.00 101.00
1111702.00 2.00 4.00 -0.03 8.43 0.94 133.00 127.00
1112704.00 4.00 4.00 0.47 8.61 0.94 89.00 63.00
1114706.00 2.00 4.00 -0.07 8.97 0.87 154.00 148.00
1115703.00 4.00 4.00 0.40 9.16 0.80 109.00 85.00
1116705.00 4.00 2.00 0.86 9.34 0.72 185.00 143.00
1117704.00 4.00 2.00 0.83 9.52 0.65 193.00 151.00
1119702.00 4.00 4.00 0.25 9.89 0.51 135.00 113.00
1120702.00 6.00 4.00 0.79 10.07 0.58 91.00 49.00
1121704.00 6.00 4.00 0.75 10.26 0.51 96.00 54.00
1122705.00 4.00 4.00 0.25 10.44 0.51 154.00 130.00
1124703.00 6.00 4.00 0.64 10.81 0.29 115.00 75.00
1125705.00 4.00 6.00 -0.36 10.99 0.29 101.00 101.00
1126706.00 4.00 4.00 0.07 11.17 0.14 178.00 160.00
1127706.00 6.00 4.00 0.54 11.36 0.07 133.00 97.00
1129708.00 4.00 6.00 -0.39 11.72 0.22 128.00 128.00
1130705.00 6.00 4.00 0.64 11.91 0.29 155.00 115.00
1131704.00 4.00 6.00 -0.28 12.09 0.43 143.00 139.00
1132705.00 6.00 4.00 0.72 12.27 0.43 169.00 127.00
1134707.00 8.00 4.00 1.22 12.64 0.43 131.00 69.00
1135703.00 6.00 4.00 0.72 12.82 0.43 189.00 145.00
1136703.00 6.00 6.00 0.25 13.00 0.51 127.00 99.00
1137703.00 6.00 4.00 0.79 13.19 0.58 205.00 157.00
1139706.00 6.00 4.00 0.79 13.55 0.58 219.00 169.00
1140708.00 6.00 8.00 -0.25 13.74 0.51 85.00 75.00
1141706.00 6.00 6.00 0.18 13.92 0.36 159.00 133.00
1142706.00 6.00 6.00 0.25 14.10 0.51 168.00 138.00
1144707.00 6.00 6.00 0.25 14.47 0.51 181.00 151.00
1145705.00 8.00 6.00 0.72 14.65 0.43 136.00 88.00
1146707.00 6.00 8.00 -0.28 14.84 0.43 123.00 113.00
1147703.00 10.00 6.00 1.14 15.02 0.29 96.00 30.00
1149707.00 6.00 6.00 0.07 15.39 0.14 210.00 184.00
1150706.00 8.00 6.00 0.64 15.57 0.29 167.00 119.00
1151706.00 6.00 8.00 -0.36 15.75 0.29 155.00 145.00
1152707.00 6.00 8.00 -0.43 15.93 0.14 160.00 154.00
1154707.00 6.00 8.00 -0.39 16.30 0.22 175.00 167.00
1155703.00 8.00 8.00 0.11 16.48 0.22 130.00 104.00
1156705.00 8.00 8.00 0.14 16.67 0.29 137.00 109.00
1157706.00 8.00 8.00 0.11 16.85 0.22 142.00 116.00
1159707.00 10.00 6.00 1.14 17.22 0.29 175.00 107.00
1160705.00 8.00 8.00 0.14 17.40 0.29 163.00 133.00
1161703.00 8.00 6.00 0.64 17.58 0.29 240.00 190.00
1162704.00 8.00 8.00 0.11 17.77 0.22 177.00 147.00
1164707.00 8.00 10.00 -0.43 18.13 0.14 119.00 111.00
1165705.00 8.00 10.00 -0.46 18.32 0.07 124.00 118.00
1166706.00 10.00 10.00 0.07 18.50 0.14 79.00 53.00
1167707.00 12.00 8.00 1.07 18.68 0.14 103.00 37.00
1169705.00 12.00 8.00 1.14 19.05 0.29 118.00 48.00
1170705.00 8.00 8.00 0.14 19.23 0.29 226.00 194.00
1171706.00 8.00 10.00 -0.32 19.41 0.36 163.00 149.00
1172706.00 10.00 10.00 0.14 19.60 0.29 118.00 86.00
1174707.00 10.00 10.00 0.11 19.96 0.22 129.00 99.00
1175702.00 10.00 10.00 0.11 20.15 0.22 134.00 104.00
1176704.00 10.00 8.00 0.57 20.33 0.14 210.00 162.00
1177706.00 10.00 8.00 0.68 20.51 0.36 220.00 166.00
1179707.00 9.00 8.00 0.39 20.88 0.29 259.00 215.00
1180706.00 8.00 12.00 -0.86 21.06 0.29 151.00 155.00
1181706.00 8.00 10.00 -0.21 21.25 0.58 230.00 210.00
1182707.00 10.00 14.00 -0.67 21.43 0.65 44.00 44.00
1184706.00 12.00 12.00 0.07 21.80 0.14 68.00 38.00
1185704.00 12.00 8.00 1.00 21.98 0.00 212.00 146.00
1186702.00 10.00 8.00 0.50 22.16 0.00 271.00 223.00
1187706.00 8.00 10.00 -0.43 22.35 0.14 261.00 249.00
1189705.00 10.00 12.00 -0.46 22.71 0.07 155.00 145.00
1190707.00 10.00 10.00 0.11 22.89 0.22 233.00 201.00
1191706.00 12.00 12.00 0.07 23.08 0.14 117.00 87.00
1192703.00 12.00 10.00 0.50 23.26 0.00 192.00 144.00
1194703.00 12.00 10.00 0.50 23.63 0.00 206.00 158.00
1195706.00 10.00 10.00 0.04 23.81 0.07 265.00 235.00
1196701.00 10.00 10.00 0.00 23.99 0.00 273.00 243.00
1197707.00 10.00 12.00 -0.54 24.18 -0.07 208.00 200.00
1199704.00 14.00 14.00 0.00 24.54 0.00 45.00 17.00
1200703.00 14.00 12.00 0.50 24.73 0.00 120.00 72.00
1201703.00 12.00 10.00 0.50 24.91 0.00 247.00 199.00
1202704.00 10.00 12.00 -0.50 25.09 0.00 236.00 226.00
1204704.00 12.00 14.00 -0.43 25.46 0.14 130.00 118.00
1205707.00 14.00 12.00 0.54 25.64 0.07 154.00 106.00
1206706.00 14.00 12.00 0.43 25.83 -0.14 157.00 113.00
1207706.00 14.00 12.00 0.46 26.01 -0.07 164.00 118.00
1209702.00 10.00 14.00 -1.00 26.37 0.00 210.00 218.00
1210705.00 12.00 14.00 -0.28 26.56 0.43 169.00 151.00
1211703.00 14.00 14.00 0.07 26.74 0.14 120.00 90.00
1212705.00 16.00 12.00 1.04 26.92 0.07 144.00 76.00
1214703.00 12.00 12.00 0.04 27.29 0.07 259.00 229.00
1215705.00 12.00 14.00 -0.43 27.47 0.14 197.00 185.00
1216704.00 10.00 14.00 -0.96 27.66 0.07 255.00 263.00
1217706.00 16.00 16.00 0.04 27.84 0.07 37.00 7.00
1219704.00 18.00 12.00 1.57 28.21 0.14 138.00 48.00
1220706.00 12.00 14.00 -0.39 28.39 0.22 227.00 213.00
1221704.00 10.00 14.00 -0.89 28.57 0.22 286.00 290.00
1222703.00 12.00 16.00 -0.78 28.76 0.43 174.00 174.00
1224708.00 18.00 14.00 1.14 29.12 0.29 100.00 28.00
1225703.00 16.00 14.00 0.50 29.31 0.00 153.00 105.00
1226703.00 12.00 12.00 0.07 29.49 0.14 333.00 301.00
1227705.00 14.00 16.00 -0.57 29.67 -0.14 147.00 139.00
1229706.00 20.00 14.00 1.39 30.04 -0.22 75.00 -9.00
1230704.00 16.00 14.00 0.43 30.22 -0.14 182.00 134.00
1231704.00 12.00 12.00 -0.07 30.40 -0.14 361.00 333.00
1232702.00 14.00 14.00 0.00 30.59 0.00 251.00 219.00
1234703.00 18.00 16.00 0.57 30.95 0.14 91.00 39.00
1235702.00 20.00 14.00 1.50 31.14 0.00 114.00 24.00
1236704.00 12.00 16.00 -1.04 31.32 -0.07 254.00 260.00
1237704.00 14.00 14.00 -0.04 31.50 -0.07 279.00 249.00
1239705.00 16.00 16.00 0.04 31.87 0.07 171.00 139.00
1240704.00 18.00 14.00 1.07 32.05 0.14 196.00 124.00
1241705.00 16.00 14.00 0.46 32.24 -0.07 252.00 202.00
1242703.00 12.00 14.00 -0.50 32.42 0.00 363.00 351.00
1244705.00 18.00 18.00 -0.04 32.79 -0.07 81.00 51.00
1245705.00 20.00 18.00 0.46 32.97 -0.07 34.00 -16.00
1246706.00 16.00 14.00 0.46 33.15 -0.07 281.00 231.00
1247706.00 14.00 16.00 -0.61 33.33 -0.22 267.00 259.00
1249704.00 18.00 18.00 0.00 33.70 0.00 111.00 81.00
1250706.00 18.00 16.00 0.46 33.88 -0.07 186.00 138.00
1251703.00 17.00 14.00 0.57 34.07 -0.36 286.00 232.00
1252705.00 14.00 16.00 -0.72 34.25 -0.43 299.00 295.00
1254705.00 20.00 20.00 -0.14 34.62 -0.29 17.00 -7.00
1255706.00 22.00 16.00 1.25 34.80 -0.51 108.00 30.00
1256705.00 16.00 16.00 -0.14 34.98 -0.29 269.00 243.00
1257705.00 16.00 16.00 -0.25 35.17 -0.51 274.00 252.00
1259706.00 18.00 18.00 -0.22 35.53 -0.43 164.00 142.00
1260706.00 18.00 16.00 0.28 35.72 -0.43 240.00 198.00
1261705.00 14.00 14.00 -0.22 35.90 -0.43 420.00 398.00
1262706.00 16.00 16.00 -0.33 36.08 -0.65 306.00 288.00
1264707.00 20.00 18.00 0.25 36.45 -0.51 144.00 104.00
1265706.00 18.00 18.00 -0.25 36.63 -0.51 201.00 179.00
1266705.00 16.00 16.00 -0.25 36.81 -0.51 328.00 308.00
1267708.00 16.00 20.00 -1.07 37.00 -0.14 199.00 209.00
1269706.00 20.00 18.00 0.43 37.36 -0.14 176.00 130.00
1270710.00 16.00 16.00 -0.22 37.00 -0.43 336.00 314.00
1271705.00 16.00 18.00 -0.64 36.63 -0.29 258.00 254.00
1272706.00 22.00 20.00 0.32 36.27 -0.36 22.00 -20.00
1274705.00 18.00 18.00 -0.25 36.63 -0.51 200.00 182.00
1275705.00 16.00 20.00 -1.29 36.81 -0.58 187.00 207.00
1276707.00 18.00 20.00 -0.83 37.00 -0.65 139.00 143.00
1277704.00 18.00 18.00 -0.36 37.18 -0.72 214.00 202.00
1279706.00 18.00 16.00 0.07 37.00 -0.87 281.00 253.00
1280706.00 18.00 20.00 -0.83 36.63 -0.65 133.00 137.00
1281706.00 22.00 20.00 0.28 36.27 -0.43 18.00 -18.00
1282704.00 18.00 16.00 0.25 35.90 -0.51 248.00 212.00
1284708.00 18.00 20.00 -0.75 35.17 -0.51 85.00 87.00
1285705.00 20.00 20.00 -0.18 35.35 -0.36 38.00 20.00
1286707.00 18.00 18.00 -0.18 35.53 -0.36 163.00 145.00
1287706.00 18.00 18.00 -0.33 35.72 -0.65 166.00 154.00
1289707.00 20.00 20.00 -0.36 36.08 -0.72 55.00 45.00
1290705.00 20.00 18.00 -0.01 36.27 -1.01 125.00 103.00
1291706.00 20.00 16.00 0.60 35.90 -0.80 186.00 140.00
1292704.00 16.00 18.00 -0.86 35.53 -0.72 209.00 217.00
1294706.00 20.00 20.00 -0.22 34.80 -0.43 13.00 -1.00
1295708.00 18.00 18.00 -0.18 34.43 -0.36 121.00 107.00
1296707.00 18.00 16.00 0.21 34.07 -0.58 178.00 148.00
1297706.00 16.00 20.00 -1.29 34.25 -0.58 94.00 122.00
1299709.00 19.00 18.00 -0.22 34.62 -0.94 91.00 79.00
1300707.00 16.00 18.00 -0.83 34.80 -0.65 176.00 186.00
1301706.00 18.00 20.00 -0.75 34.98 -0.51 61.00 69.00
1302708.00 18.00 20.00 -0.75 35.17 -0.51 63.00 73.00
1304707.00 18.00 16.00 0.17 34.43 -0.65 178.00 154.00
1305707.00 16.00 20.00 -1.29 34.07 -0.58 78.00 110.00
1306705.00 18.00 20.00 -0.79 33.70 -0.58 13.00 27.00
1307705.00 18.00 18.00 -0.29 33.33 -0.58 70.00 66.00
1309706.00 16.00 16.00 -0.25 33.15 -0.51 185.00 179.00
1310707.00 16.00 20.00 -1.22 33.33 -0.43 51.00 81.00
1311706.00 18.00 20.00 -0.75 33.52 -0.51 2.00 16.00
1312706.00 20.00 18.00 0.28 33.15 -0.43 8.00 -16.00
1314706.00 16.00 18.00 -0.72 32.42 -0.43 87.00 99.00
1315705.00 18.00 18.00 -0.18 32.60 -0.36 39.00 33.00
1316708.00 18.00 20.00 -0.72 32.79 -0.43 -27.00 -15.00
1317703.00 19.00 16.00 0.57 32.97 -0.36 90.00 56.00
1319706.00 14.00 18.00 -1.25 33.33 -0.51 157.00 191.00
1320707.00 18.00 20.00 -0.72 33.52 -0.43 -9.00 5.00
1321704.00 18.00 16.00 0.28 33.15 -0.43 116.00 94.00
1322706.00 18.00 16.00 0.25 32.79 -0.51 104.00 84.00
1324707.00 14.00 18.00 -1.25 32.05 -0.51 113.00 149.00
1325707.00 18.00 20.00 -0.46 31.69 0.07 -67.00 -59.00
1326707.00 18.00 14.00 0.71 31.32 -0.58 123.00 87.00
1327706.00 20.00 16.00 0.89 31.50 -0.22 10.00 -34.00
1329707.00 17.00 24.00 -2.08 31.87 -0.65 -194.00 -124.00
1330705.00 18.00 18.00 -0.36 32.05 -0.72 -9.00 -3.00
1331703.00 14.00 14.00 -0.36 32.24 -0.72 238.00 244.00
1332706.00 14.00 14.00 -0.33 32.42 -0.65 247.00 253.00
1334705.00 14.00 20.00 -1.72 31.69 -0.43 16.00 78.00
1335706.00 14.00 16.00 -0.68 31.32 -0.36 145.00 169.00
1336709.00 16.00 18.00 -0.83 30.95 -0.65 9.00 39.00
1337708.00 18.00 20.00 -0.83 30.59 -0.65 -126.00 -94.00
1339704.00 16.00 18.00 -0.79 30.40 -0.58 -19.00 13.00
1340706.00 18.00 14.00 0.82 30.59 -0.36 75.00 47.00
1341705.00 20.00 18.00 0.36 30.77 -0.29 -112.00 -122.00
1342708.00 16.00 18.00 -0.36 30.40 0.29 -18.00 -2.00
1344703.00 14.00 15.00 -0.11 29.67 0.29 113.00 119.00
1345702.00 14.00 12.00 0.68 29.85 0.36 225.00 203.00
1346703.00 16.00 16.00 0.04 30.04 0.07 38.00 38.00
1347707.00 14.00 20.00 -1.43 30.22 0.14 -46.00 10.00
1349705.00 12.00 16.00 -0.89 29.49 0.22 122.00 160.00
1350700.00 14.00 16.00 -0.50 29.12 0.00 58.00 82.00
1351705.00 18.00 16.00 0.36 29.31 -0.29 -43.00 -49.00
1352707.00 18.00 20.00 -0.68 29.49 -0.36 -182.00 -150.00
1354707.00 14.00 14.00 -0.11 29.31 -0.22 119.00 129.00
1355706.00 16.00 16.00 -0.04 28.94 -0.07 -11.00 -3.00
1356704.00 18.00 16.00 0.57 28.57 0.14 -75.00 -89.00
1357708.00 18.00 16.00 0.72 28.76 0.43 -69.00 -89.00
1359704.00 14.00 12.00 0.79 29.12 0.58 182.00 160.00
1360705.00 12.00 12.00 0.25 28.76 0.51 224.00 222.00
1361704.00 12.00 16.00 -0.82 28.39 0.36 73.00 111.00
1362707.00 14.00 16.00 -0.32 28.02 0.36 11.00 29.00
1364705.00 14.00 16.00 -0.36 27.29 0.29 -16.00 4.00
1365705.00 12.00 14.00 -0.43 26.92 0.14 91.00 115.00
1366706.00 16.00 17.00 -0.21 27.11 0.07 -112.00 -96.00
1367705.00 20.00 18.00 0.54 27.29 0.07 -249.00 -261.00
1369705.00 14.00 14.00 0.07 27.66 0.14 50.00 54.00
1370705.00 12.00 12.00 0.33 27.84 0.65 182.00 178.00
1371706.00 10.00 12.00 -0.28 28.02 0.43 240.00 258.00
1372707.00 12.00 12.00 0.33 27.66 0.65 182.00 178.00
1374706.00 14.00 16.00 -0.10 26.92 0.80 -28.00 -18.00
1375706.00 14.00 12.00 0.79 27.11 0.58 113.00 91.00
1376702.00 10.00 16.00 -1.25 27.29 0.51 81.00 135.00
1377708.00 12.00 16.00 -0.86 27.47 0.29 34.00 74.00
1379703.00 18.00 16.00 0.50 26.74 0.00 -151.00 -159.00
1380707.00 16.00 14.00 0.57 26.37 0.14 -42.00 -54.00
1381704.00 16.00 14.00 0.61 26.56 0.22 -37.00 -51.00
1382704.00 12.00 14.00 -0.25 26.74 0.51 73.00 89.00
1384705.00 16.00 16.00 0.22 26.56 0.43 -109.00 -109.00
1385704.00 16.00 12.00 1.25 26.19 0.51 19.00 -21.00
1386704.00 14.00 12.00 0.90 25.83 0.80 60.00 34.00
1387704.00 12.00 10.00 0.97 26.01 0.94 190.00 160.00
1389703.00 10.00 14.00 -0.67 26.37 0.65 115.00 145.00
1390702.00 12.00 14.00 -0.21 26.01 0.58 52.00 66.00
1391703.00 12.00 16.00 -0.60 25.64 0.80 -28.00 2.00
1392706.00 12.00 10.00 0.79 25.28 0.58 168.00 146.00
1394705.00 10.00 14.00 -0.86 24.54 0.29 56.00 94.00
1395705.00 10.00 16.00 -1.32 24.18 0.36 -26.00 32.00
1396707.00 14.00 16.00 -0.46 24.36 0.07 -127.00 -101.00
1397705.00 16.00 14.00 0.54 24.54 0.07 -107.00 -117.00
1399703.00 14.00 14.00 0.04 24.91 0.07 -48.00 -42.00
1400707.00 12.00 14.00 -0.39 25.09 0.22 8.00 30.00
1401704.00 10.00 14.00 -0.75 25.28 0.51 67.00 103.00
1402705.00 12.00 12.00 0.47 24.91 0.94 79.00 71.00
1404705.00 10.00 12.00 -0.07 24.18 0.87 111.00 121.00
1405706.00 12.00 12.00 0.25 23.81 0.51 46.00 44.00
1406705.00 12.00 14.00 -0.21 23.44 0.58 -34.00 -20.00
1407704.00 10.00 12.00 -0.25 23.08 0.51 74.00 90.00
1409705.00 12.00 14.00 -0.43 23.44 0.14 -42.00 -18.00
1410701.00 16.00 12.00 1.00 23.63 0.00 -74.00 -102.00
1411703.00 16.00 12.00 1.00 23.81 0.00 -70.00 -100.00
1412706.00 12.00 12.00 0.18 23.99 0.36 40.00 40.00
1414704.00 10.00 12.00 -0.25 23.81 0.51 89.00 105.00
1415703.00 10.00 12.00 -0.17 23.44 0.65 80.00 94.00
1416705.00 12.00 12.00 0.29 23.08 0.58 16.00 14.00
1417704.00 12.00 10.00 0.79 22.71 0.58 76.00 54.00
1419705.00 12.00 12.00 0.14 21.98 0.29 -20.00 -20.00
1420709.00 12.00 12.00 0.07 22.16 0.14 -16.00 -14.00
1421702.00 10.00 16.00 -1.50 22.35 0.00 -104.00 -40.00
1422705.00 10.00 12.00 -0.54 22.53 -0.07 40.00 66.00
1424704.00 14.00 10.00 1.00 21.80 0.00 -16.00 -46.00
1425707.00 12.00 10.00 0.54 21.43 0.07 24.00 10.00
1426705.00 10.00 12.00 -0.46 21.61 0.07 10.00 34.00
1427706.00 10.00 12.00 -0.46 21.80 0.07 16.00 40.00
1429706.00 8.00 12.00 -0.96 22.16 0.07 78.00 122.00
1430704.00 12.00 10.00 0.50 22.35 0.00 51.00 41.00
1431707.00 12.00 10.00 0.54 22.53 0.07 57.00 45.00
1432702.00 14.00 10.00 1.00 22.16 0.00 -5.00 -35.00
1434708.00 10.00 12.00 -0.43 21.43 0.14 5.00 27.00
1435705.00 8.00 12.00 -0.93 21.06 0.14 44.00 86.00
1436706.00 10.00 12.00 -0.43 20.70 0.14 -18.00 6.00
1437704.00 10.00 10.00 0.00 20.33 0.00 39.00 47.00
1439704.00 14.00 10.00 1.00 20.70 0.00 -53.00 -83.00
1440703.00 12.00 10.00 0.50 20.88 0.00 3.00 -9.00
1441704.00 10.00 12.00 -0.50 21.06 0.00 -11.00 13.00
1442704.00 8.00 12.00 -0.89 21.25 0.22 47.00 87.00
1444705.00 10.00 11.00 -0.14 21.06 0.22 27.00 39.00
1445705.00 10.00 8.00 0.57 20.70 0.14 121.00 107.00
1446704.00 12.00 10.00 0.50 20.33 0.00 -11.00 -23.00
1447704.00 12.00 10.00 0.50 19.96 0.00 -23.00 -35.00
1449707.00 10.00 12.00 -0.57 19.23 -0.14 -69.00 -41.00
1450703.00 8.00 12.00 -1.07 19.41 -0.14 -15.00 33.00
1451703.00 10.00 10.00 0.00 19.60 0.00 10.00 18.00
1452704.00 8.00 10.00 -0.50 19.78 0.00 68.00 94.00
1454701.00 10.00 10.00 0.00 20.15 0.00 30.00 36.00
1455699.00 12.00 10.00 0.50 20.33 0.00 -16.00 -28.00
1456702.00 10.00 10.00 0.04 19.96 0.07 24.00 28.00
1457705.00 8.00 12.00 -0.89 19.60 0.22 -5.00 35.00
1459704.00 8.00 10.00 -0.54 18.87 -0.07 39.00 67.00
1460707.00 10.00 10.00 -0.07 18.50 -0.14 -23.00 -13.00
1461704.00 10.00 8.00 0.50 18.13 0.00 35.00 25.00
1462701.00 12.00 10.00 0.50 18.32 0.00 -79.00 -91.00
1464702.00 10.00 10.00 0.00 18.68 0.00 -18.00 -12.00
1465705.00 8.00 10.00 -0.50 18.32 0.00 21.00 45.00
1466702.00 8.00 8.00 0.00 17.95 0.00 80.00 86.00
1467705.00 8.00 10.00 -0.50 17.58 0.00 -1.00 25.00
1469706.00 8.00 10.00 -0.46 17.95 0.07 10.00 36.00
1470705.00 10.00 8.00 0.50 18.13 0.00 34.00 24.00
1471707.00 12.00 10.00 0.46 17.77 -0.07 -99.00 -109.00
1472708.00 10.00 8.00 0.46 17.40 -0.07 9.00 -1.00
1474706.00 8.00 10.00 -0.61 17.22 -0.22 -18.00 12.00
1475706.00 6.00 10.00 -1.14 17.40 -0.29 36.00 88.00
1476703.00 8.00 8.00 -0.04 17.58 -0.07 64.00 74.00
1477704.00 6.00 8.00 -0.50 17.22 0.00 106.00 134.00
1479703.00 10.00 8.00 0.50 16.48 0.00 -18.00 -28.00
1480699.00 10.00 8.00 0.50 16.67 0.00 -13.00 -23.00
1481704.00 10.00 8.00 0.50 16.85 0.00 -8.00 -18.00
1482705.00 8.00 8.00 -0.07 17.03 -0.14 47.00 57.00
1484707.00 8.00 10.00 -0.61 16.30 -0.22 -46.00 -16.00
1485705.00 6.00 8.00 -0.64 15.93 -0.29 62.00 94.00
1486705.00 8.00 10.00 -0.57 16.12 -0.14 -52.00 -22.00
1487704.00 6.00 6.00 -0.07 16.30 -0.14 145.00 157.00
1489708.00 10.00 8.00 0.43 16.12 -0.14 -32.00 -38.00
1490707.00 10.00 8.00 0.39 15.75 -0.22 -45.00 -49.00
1491708.00 8.00 8.00 -0.18 15.39 -0.36 -7.00 9.00
1492705.00 8.00 10.00 -0.68 15.57 -0.36 -72.00 -36.00
1494705.00 8.00 10.00 -0.57 15.93 -0.14 -61.00 -29.00
1495702.00 6.00 6.00 0.00 16.12 0.00 137.00 147.00
1496700.00 6.00 8.00 -0.50 16.30 0.00 74.00 104.00
1497700.00 8.00 8.00 0.00 16.48 0.00 30.00 40.00
1499702.00 10.00 8.00 0.50 15.75 0.00 -42.00 -48.00
1500703.00 10.00 6.00 0.93 15.39 -0.14 15.00 -9.00
1501704.00 10.00 8.00 0.46 15.02 -0.07 -65.00 -73.00
1502705.00 8.00 8.00 -0.07 14.65 -0.14 -27.00 -15.00
1504700.00 6.00 8.00 -0.50 14.47 0.00 18.00 46.00
1505702.00 6.00 8.00 -0.46 14.65 0.07 24.00 52.00
1506702.00 6.00 8.00 -0.39 14.84 0.22 31.00 57.00
1507708.00 6.00 8.00 -0.43 14.47 0.14 20.00 46.00
1509701.00 8.00 4.00 1.00 13.74 0.00 86.00 58.00
1510704.00 8.00 8.00 0.07 13.92 0.14 -46.00 -40.00
1511706.00 8.00 6.00 0.61 14.10 0.22 28.00 16.00
1512706.00 8.00 8.00 0.07 14.29 0.14 -36.00 -30.00
1514704.00 6.00 8.00 -0.46 13.55 0.07 -9.00 17.00
1515706.00 8.00 8.00 0.07 13.19 0.14 -71.00 -65.00
1516707.00 6.00 8.00 -0.43 13.37 0.14 -15.00 9.00
1517705.00 6.00 6.00 0.11 13.55 0.22 61.00 65.00
1519705.00 8.00 6.00 0.61 13.37 0.22 5.00 -9.00
1520704.00 6.00 6.00 0.04 13.00 0.07 43.00 49.00
1521705.00 10.00 6.00 1.04 12.64 0.07 -71.00 -101.00
1522704.00 8.00 6.00 0.57 12.82 0.14 -14.00 -28.00
1524705.00 6.00 6.00 0.11 13.19 0.22 48.00 50.00
1525706.00 6.00 6.00 0.11 12.82 0.22 38.00 40.00
1526706.00 6.00 6.00 0.14 12.45 0.29 28.00 28.00
1527705.00 6.00 6.00 0.14 12.09 0.29 17.00 17.00
1529708.00 4.00 8.00 -0.93 11.36 0.14 -25.00 17.00
1530705.00 6.00 6.00 0.07 10.99 0.14 -18.00 -14.00
1531705.00 8.00 6.00 0.61 11.17 0.22 -64.00 -80.00
1532706.00 6.00 4.00 0.64 11.36 0.29 62.00 44.00
1534702.00 6.00 4.00 0.57 11.72 0.14 72.00 56.00
1535705.00 8.00 6.00 0.54 11.91 0.07 -43.00 -59.00
1536706.00 6.00 4.00 0.57 12.09 0.14 84.00 66.00
1537703.00 6.00 6.00 0.07 11.72 0.14 4.00 4.00
1539703.00 6.00 6.00 0.00 10.99 0.00 -19.00 -17.00
1540703.00 4.00 8.00 -1.00 11.17 0.00 -33.00 7.00
1541706.00 6.00 6.00 -0.04 11.36 -0.07 -10.00 -6.00
1542703.00 4.00 6.00 -0.57 11.54 -0.14 44.00 70.00
1544709.00 6.00 6.00 -0.11 10.81 -0.22 -29.00 -21.00
1545706.00 6.00 6.00 -0.11 10.44 -0.22 -41.00 -33.00
1546706.00 6.00 4.00 0.36 10.62 -0.29 32.00 24.00
1547708.00 6.00 6.00 -0.04 10.81 -0.07 -28.00 -24.00
1549706.00 6.00 4.00 0.43 10.62 -0.14 34.00 22.00
1550706.00 6.00 4.00 0.43 10.26 -0.14 23.00 11.00
1551707.00 4.00 4.00 -0.11 9.89 -0.22 64.00 70.00
1552705.00 6.00 6.00 -0.04 10.07 -0.07 -49.00 -45.00
1554707.00 4.00 4.00 -0.04 10.44 -0.07 81.00 85.00
1555706.00 4.00 6.00 -0.61 10.07 -0.22 -1.00 25.00
1556704.00 6.00 4.00 0.43 9.71 -0.14 7.00 -5.00
1557706.00 4.00 8.00 -1.07 9.34 -0.14 -92.00 -48.00
1559706.00 4.00 4.00 -0.04 8.61 -0.07 23.00 29.00
1560703.00 4.00 6.00 -0.50 8.24 0.00 -57.00 -33.00
1561706.00 4.00 4.00 -0.04 8.43 -0.07 17.00 23.00
1562705.00 6.00 4.00 0.43 8.61 -0.14 -29.00 -39.00
1564707.00 6.00 4.00 0.36 8.97 -0.29 -20.00 -28.00
1565705.00 4.00 4.00 -0.14 9.16 -0.29 37.00 47.00
1566706.00 6.00 4.00 0.32 9.34 -0.36 -9.00 -15.00
1567707.00 4.00 6.00 -0.61 8.97 -0.22 -38.00 -10.00
1569706.00 6.00 4.00 0.36 8.24 -0.29 -42.00 -50.00
1570705.00 2.00 4.00 -0.61 7.88 -0.22 49.00 77.00
1571707.00 6.00 4.00 0.39 7.51 -0.22 -65.00 -73.00
1572706.00 2.00 6.00 -1.04 7.14 -0.07 -43.00 3.00
1574706.00 4.00 4.00 -0.04 7.51 -0.07 -14.00 -6.00
1575705.00 2.00 4.00 -0.54 7.69 -0.07 42.00 68.00
1576707.00 4.00 4.00 -0.04 7.88 -0.07 -3.00 5.00
1577705.00 4.00 4.00 -0.07 8.06 -0.14 1.00 11.00
1579706.00 4.00 4.00 -0.11 7.88 -0.22 -4.00 8.00
1580702.00 6.00 4.00 0.36 7.51 -0.29 -67.00 -71.00
1581705.00 4.00 4.00 -0.14 7.14 -0.29 -27.00 -15.00
1582705.00 4.00 4.00 -0.11 6.78 -0.22 -39.00 -27.00
1584703.00 4.00 2.00 0.43 6.04 -0.14 9.00 1.00
1585703.00 4.00 4.00 0.00 6.23 0.00 -53.00 -47.00
1586704.00 4.00 2.00 0.50 6.41 0.00 21.00 9.00
1587706.00 4.00 4.00 0.04 6.59 0.07 -41.00 -37.00
1589701.00 2.00 4.00 -0.50 5.86 0.00 -13.00 11.00
1590703.00 4.00 2.00 0.50 5.49 0.00 -7.00 -19.00
1591704.00 2.00 4.00 -0.54 5.68 -0.07 -20.00 6.00
1592704.00 4.00 4.00 -0.11 5.86 -0.22 -68.00 -58.00
1594703.00 2.00 2.00 -0.07 5.68 -0.14 49.00 57.00
1595706.00 4.00 4.00 -0.07 5.31 -0.14 -83.00 -75.00
1596705.00 2.00 4.00 -0.54 4.95 -0.07 -45.00 -17.00
1597703.00 4.00 2.00 0.50 5.13 0.00 -21.00 -31.00
1599703.00 2.00 2.00 0.04 5.49 0.07 42.00 48.00
1600705.00 2.00 2.00 0.04 5.13 0.07 32.00 38.00
1601705.00 2.00 4.00 -0.46 4.76 0.07 -48.00 -24.00
1602708.00 2.00 2.00 0.07 4.40 0.14 10.00 14.00
1604705.00 2.00 4.00 -0.43 4.76 0.14 -50.00 -26.00
1605705.00 2.00 2.00 0.11 4.95 0.22 27.00 29.00
1606706.00 4.00 2.00 0.64 5.13 0.29 -19.00 -35.00
1607708.00 2.00 2.00 0.11 5.31 0.22 38.00 40.00
1609705.00 2.00 2.00 0.04 5.13 0.07 33.00 37.00
1610702.00 2.00 2.00 0.00 4.76 0.00 21.00 27.00
1611703.00 2.00 2.00 0.00 4.40 0.00 11.00 17.00
1612704.00 4.00 2.00 0.50 4.03 0.00 -52.00 -64.00
1614701.00 2.00 2.00 0.00 3.30 0.00 -21.00 -17.00
1615702.00 2.00 2.00 0.00 3.48 0.00 -16.00 -12.00
1616702.00 2.00 0.00 0.50 3.66 0.00 58.00 46.00
1617703.00 2.00 2.00 0.00 3.85 0.00 -4.00 0.00
1619702.00 2.00 2.00 0.00 3.11 0.00 -26.00 -22.00
1620706.00 2.00 2.00 -0.04 2.75 -0.07 -38.00 -32.00
1621702.00 2.00 0.00 0.50 2.93 0.00 36.00 24.00
1622705.00 2.00 2.00 -0.04 3.11 -0.07 -27.00 -21.00
1624707.00 2.00 2.00 -0.07 2.93 -0.14 -35.00 -27.00
1625705.00 0.00 0.00 -0.07 2.56 -0.14 75.00 83.00
1626705.00 2.00 2.00 -0.04 2.20 -0.07 -55.00 -49.00
1627707.00 2.00 2.00 -0.04 1.83 -0.07 -68.00 -62.00
1629705.00 0.00 2.00 -0.50 1.10 0.00 -40.00 -16.00
1630703.00 2.00 0.00 0.50 0.73 0.00 -32.00 -46.00
1631704.00 0.00 0.00 0.04 0.37 0.07 8.00 10.00
1632704.00 2.00 2.00 0.11 0.00 0.22 -123.00 -123.00
1632721.00 -1330.00 716.00 425.00 464.00 352.00 0.00 4.00
1634700.00 2.00 0.00 0.64 0.00 0.29 -55.00 -75.00
1635699.00 0.00 0.00 0.18 0.00 0.36 -4.00 -6.00
1636698.00 2.00 0.00 0.72 0.00 0.43 -54.00 -78.00
1637699.00 0.00 2.00 -0.25 0.00 0.51 -73.00 -61.00
1639700.00 0.00 0.00 0.25 0.00 0.51 -5.00 -11.00
1640699.00 0.00 0.00 0.29 0.00 0.58 -4.00 -12.00
1641697.00 2.00 0.00 0.75 0.00 0.51 -56.00 -82.00
1642699.00 0.00 0.00 0.33 0.00 0.65 -4.00 -14.00
1644700.00 0.00 0.00 0.33 0.00 0.65 -5.00 -17.00
1645699.00 0.00 0.00 0.33 0.00 0.65 -5.00 -17.00
1646699.00 0.00 0.00 0.25 0.00 0.51 -6.00 -16.00
1647697.00 0.00 0.00 0.25 0.00 0.51 -6.00 -16.00
1649699.00 2.00 0.00 0.72 0.00 0.43 -58.00 -86.00
1650701.00 0.00 -2.00 0.75 0.00 0.51 63.00 33.00
1651697.00 0.00 0.00 0.22 0.00 0.43 -6.00 -16.00
1652696.00 0.00 0.00 0.22 0.00 0.43 -5.00 -17.00
1654700.00 0.00 0.00 0.14 0.00 0.29 -7.00 -15.00
1655698.00 0.00 0.00 0.14 0.00 0.29 -7.00 -15.00
1656697.00 0.00 0.00 0.11 0.00 0.22 -7.00 -15.00
1657699.00 0.00 -2.00 0.68 0.00 0.36 65.00 35.00
1659697.00 0.00 0.00 0.11 0.00 0.22 -5.00 -13.00
1660699.00 0.00 0.00 0.07 0.00 0.14 -5.00 -13.00
1661698.00 0.00 0.00 0.04 0.00 0.07 -6.00 -12.00
1662700.00 0.00 0.00 0.04 0.00 0.07 -6.00 -12.00
1664701.00 0.00 0.00 0.07 0.00 0.14 -5.00 -13.00
1665699.00 0.00 -2.00 0.50 0.00 0.00 63.00 39.00
1666696.00 0.00 0.00 0.04 0.00 0.07 -5.00 -11.00
1667699.00 0.00 0.00 0.04 0.00 0.07 -5.00 -11.00
1669697.00 0.00 0.00 0.00 0.00 0.00 -5.00 -11.00
1670694.00 0.00 0.00 0.00 0.00 0.00 -5.00 -11.00
1671700.00 0.00 -2.00 0.54 0.00 0.07 65.00 39.00
1672695.00 -2.00 0.00 -0.50 0.00 0.00 47.00 59.00
1674693.00 0.00 0.00 0.00 0.00 0.00 -3.00 -9.00
1675696.00 0.00 0.00 0.00 0.00 0.00 -3.00 -9.00
1676695.00 0.00 0.00 0.00 0.00 0.00 -3.00 -9.00
1677696.00 0.00 -2.00 0.50 0.00 0.00 66.00 42.00
1679695.00 0.00 0.00 0.00 0.00 0.00 -2.00 -8.00
1680696.00 0.00 0.00 0.00 0.00 0.00 -2.00 -8.00
1681696.00 0.00 0.00 0.00 0.00 0.00 -2.00 -8.00
1682697.00 -2.00 0.00 -0.50 0.00 0.00 50.00 62.00
1684699.00 0.00 0.00 -0.04 0.00 -0.07 -1.00 -5.00
1685697.00 0.00 0.00 0.00 0.00 0.00 0.00 -6.00
1686695.00 0.00 -2.00 0.50 0.00 0.00 69.00 45.00
1687697.00 0.00 0.00 0.04 0.00 0.07 2.00 -6.00
1689691.00 0.00 0.00 0.00 0.00 0.00 1.00 -5.00
1690693.00 0.00 0.00 0.00 0.00 0.00 1.00 -5.00
1691698.00 0.00 0.00 -0.04 0.00 -0.07 0.00 -4.00
1692695.00 -2.00 0.00 -0.50 0.00 0.00 52.00 64.00
1694694.00 0.00 0.00 0.00 0.00 0.00 2.00 -4.00
1695695.00 0.00 0.00 0.00 0.00 0.00 2.00 -4.00
1696695.00 0.00 0.00 0.00 0.00 0.00 2.00 -4.00
1697695.00 0.00 0.00 0.00 0.00 0.00 2.00 -4.00
1699693.00 0.00 0.00 0.00 0.00 0.00 3.00 -3.00
1700697.00 0.00 0.00 0.00 0.00 0.00 3.00 -3.00
1701695.00 0.00 0.00 0.00 0.00 0.00 3.00 -3.00
1702697.00 -2.00 0.00 -0.50 0.00 0.00 54.00 66.00
1704696.00 0.00 0.00 0.00 0.00 0.00 3.00 -3.00
1705693.00 0.00 0.00 0.00 0.00 0.00 3.00 -3.00
1706696.00 0.00 0.00 -0.04 0.00 -0.07 2.00 -2.00
1707699.00 0.00 0.00 -0.04 0.00 -0.07 2.00 -2.00
1709695.00 0.00 0.00 0.00 0.00 0.00 3.00 -3.00
1710698.00 0.00 -2.00 0.50 0.00 0.00 74.00 50.00
1711695.00 0.00 0.00 0.00 0.00 0.00 5.00 -1.00
1712694.00 0.00 0.00 0.00 0.00 0.00 5.00 -1.00
1714700.00 -2.00 0.00 -0.54 0.00 -0.07 56.00 70.00
1715697.00 0.00 0.00 0.00 0.00 0.00 6.00 0.00
1716694.00 0.00 0.00 0.00 0.00 0.00 6.00 0.00
1717696.00 0.00 0.00 0.00 0.00 0.00 6.00 0.00
1719695.00 0.00 0.00 0.00 0.00 0.00 6.00 0.00
1720700.00 0.00 0.00 -0.04 0.00 -0.07 5.00 1.00
1721696.00 0.00 0.00 0.00 0.00 0.00 6.00 0.00
1722699.00 0.00 0.00 -0.04 0.00 -0.07 5.00 1.00
1724696.00 0.00 0.00 0.00 0.00 0.00 7.00 1.00
1725696.00 0.00 0.00 0.00 0.00 0.00 7.00 1.00
1726691.00 0.00 0.00 0.00 0.00 0.00 7.00 1.00
1727697.00 0.00 0.00 0.00 0.00 0.00 7.00 1.00
1729695.00 0.00 0.00 0.00 0.00 0.00 8.00 2.00
1730695.00 0.00 0.00 0.00 0.00 0.00 8.00 2.00
1731694.00 0.00 0.00 0.00 0.00 0.00 8.00 2.00
1732695.00 0.00 0.00 0.00 0.00 0.00 8.00 2.00
1734693.00 0.00 0.00 0.00 0.00 0.00 8.00 2.00
1735699.00 0.00 0.00 -0.04 0.00 -0.07 7.00 3.00
1736700.00 0.00 0.00 -0.04 0.00 -0.07 7.00 3.00
1737694.00 0.00 0.00 0.00 0.00 0.00 8.00 2.00
1739696.00 0.00 0.00 0.00 0.00 0.00 8.00 2.00
1740695.00 0.00 0.00 0.00 0.00 0.00 8.00 2.00
1741696.00 0.00 0.00 0.00 0.00 0.00 8.00 2.00
1742696.00 0.00 0.00 0.00 0.00 0.00 8.00 2.00
1744699.00 0.00 0.00 -0.04 0.00 -0.07 7.00 3.00
1745699.00 0.00 0.00 -0.04 0.00 -0.07 7.00 3.00
1746697.00 0.00 0.00 0.00 0.00 0.00 7.00 3.00
1747696.00 0.00 0.00 0.00 0.00 0.00 7.00 3.00
1749695.00 0.00 0.00 0.00 0.00 0.00 7.00 3.00
1750694.00 0.00 0.00 0.00 0.00 0.00 7.00 3.00
1751692.00 0.00 0.00 0.00 0.00 0.00 7.00 3.00
1752696.00 0.00 0.00 0.00 0.00 0.00 7.00 3.00
