COMIENZO TELEMETRIA
1064677.00 7457.00 0.00 68.00 0.00 0.00 0.00 0.00 0.00
1067685.00 7457.00 2.00 68.00 0.00 0.00 0.00 0.00 0.00
1070681.00 7457.00 2.00 68.00 0.00 0.00 0.00 0.00 0.00
1073684.00 7457.00 2.00 66.00 0.00 0.00 0.00 0.00 0.00
1076683.00 7457.00 1.00 68.00 0.00 0.00 0.00 0.00 0.00
1079682.00 7457.00 2.00 68.00 0.00 0.00 0.00 0.00 0.00
1082683.00 7457.00 2.00 68.00 0.00 0.00 0.00 0.00 0.00
1085686.00 7457.00 2.00 68.00 0.00 0.00 0.00 0.00 0.00
1088685.00 7457.00 2.00 70.00 0.00 0.00 0.00 0.00 0.00
1091682.00 7456.00 1.00 68.00 0.00 0.00 0.00 0.00 0.00
1094689.00 7455.00 4.00 68.00 0.00 0.00 0.00 0.00 0.00
1097682.00 7455.00 0.00 72.00 0.00 0.00 0.00 0.00 0.00
1100683.00 7452.00 0.00 68.00 0.00 0.00 0.00 0.00 0.00
1103687.00 7448.00 0.00 68.00 0.00 0.00 0.00 0.00 0.00
1106689.00 7445.00 0.00 68.00 0.00 0.00 0.00 0.00 0.00
1109689.00 7440.00 0.00 68.00 0.00 0.00 0.00 0.00 0.00
1112688.00 7435.00 0.00 68.00 0.00 0.00 0.00 0.00 0.00
1115691.00 7430.00 0.00 68.00 0.00 0.00 0.00 0.00 0.00
1118691.00 7422.00 0.00 68.00 0.00 0.00 0.00 0.00 0.00
1121688.00 7412.00 0.00 68.00 0.00 0.00 0.00 0.00 0.00
1124688.00 7402.00 0.00 67.00 0.00 0.00 0.00 0.00 0.00
1127690.00 7390.00 0.00 70.00 0.00 0.00 0.00 0.00 0.00
1130690.00 7379.00 0.00 72.00 0.00 0.00 0.00 0.00 0.00
1133692.00 7370.00 0.00 68.00 0.00 0.00 0.00 0.00 0.00
1136695.00 7356.00 0.00 72.00 0.00 0.00 0.00 0.00 0.00
1139689.00 7343.00 0.00 70.00 0.00 0.00 0.00 0.00 0.00
1142690.00 7330.00 0.00 72.00 0.00 0.00 0.00 0.00 0.00
1145689.00 7313.00 0.00 72.00 0.00 0.00 0.00 0.00 0.00
1148689.00 7298.00 0.00 72.00 0.00 0.00 0.00 0.00 0.00
1151690.00 7281.00 0.00 73.00 0.00 0.00 0.00 0.00 0.00
1154688.00 7263.00 0.00 70.00 0.00 0.00 0.00 0.00 0.00
1157691.00 7243.00 0.00 72.00 0.00 0.00 0.00 0.00 0.00
1160692.00 7224.00 0.00 72.00 0.00 0.00 0.00 0.00 0.00
1163690.00 7204.00 0.00 70.00 0.00 0.00 0.00 0.00 0.00
1166690.00 7182.00 0.00 72.00 0.00 0.00 0.00 0.00 0.00
1169689.00 7161.00 0.00 70.00 0.00 0.00 0.00 0.00 0.00
1172691.00 7137.00 0.00 72.00 0.00 0.00 0.00 0.00 0.00
1175688.00 7115.00 2.00 72.00 0.00 0.00 0.00 0.00 0.00
1178688.00 7089.00 0.00 72.00 0.00 0.00 0.00 0.00 0.00
1181691.00 7062.00 4.00 72.00 0.00 0.00 0.00 0.00 0.00
1184689.00 7035.00 8.00 72.00 0.00 0.00 0.00 0.00 0.00
1187694.00 7007.00 4.00 74.00 0.00 0.00 0.00 0.00 0.00
1190690.00 6978.00 8.00 73.00 0.00 0.00 0.00 0.00 0.00
1193692.00 6953.00 8.00 72.00 0.00 0.00 0.00 0.00 0.00
1196687.00 6918.00 8.00 73.00 0.00 0.00 0.00 0.00 0.00
1199690.00 6890.00 4.00 77.00 0.00 0.00 0.00 0.00 0.00
1202689.00 6857.00 2.00 74.00 0.00 0.00 0.00 0.00 0.00
1205692.00 6825.00 3.00 74.00 0.00 0.00 0.00 0.00 0.00
1208691.00 6797.00 4.00 80.00 0.00 0.00 0.00 0.00 0.00
1211689.00 6763.00 8.00 77.00 0.00 0.00 0.00 0.00 0.00
1214690.00 6731.00 4.00 76.00 0.00 0.00 0.00 0.00 0.00
1217688.00 6693.00 12.00 80.00 0.00 0.00 0.00 0.00 0.00
1220692.00 6659.00 9.00 77.00 0.00 0.00 0.00 0.00 0.00
1223692.00 6625.00 12.00 76.00 0.00 0.00 0.00 0.00 0.00
1226691.00 6584.00 12.00 80.00 0.00 0.00 0.00 0.00 0.00
1229688.00 6546.00 18.00 80.00 0.00 0.00 0.00 0.00 0.00
1232690.00 6506.00 16.00 80.00 0.00 0.00 0.00 0.00 0.00
1235690.00 6471.00 16.00 80.00 0.00 0.00 0.00 0.00 0.00
1238690.00 6424.00 12.00 80.00 0.00 0.00 0.00 0.00 0.00
1241689.00 6382.00 12.00 80.00 0.00 0.00 0.00 0.00 0.00
1244688.00 6341.00 24.00 80.00 0.00 0.00 0.00 0.00 0.00
1247690.00 6301.00 19.00 80.00 0.00 0.00 0.00 0.00 0.00
1250691.00 6251.00 14.00 80.00 0.00 0.00 0.00 0.00 0.00
1253689.00 6208.00 17.00 80.00 0.00 0.00 0.00 0.00 0.00
1256692.00 6163.00 20.00 80.00 0.00 0.00 0.00 0.00 0.00
1259694.00 6118.00 18.00 80.00 0.00 0.00 0.00 0.00 0.00
1262693.00 6065.00 12.00 80.00 0.00 0.00 0.00 0.00 0.00
1265690.00 6017.00 24.00 80.00 0.00 0.00 0.00 0.00 0.00
1268692.00 5970.00 12.00 80.00 0.00 0.00 0.00 0.00 0.00
1271689.00 5911.00 24.00 80.00 0.00 0.00 0.00 0.00 0.00
1274689.00 5862.00 24.00 80.00 0.00 0.00 0.00 0.00 0.00
1277688.00 5816.00 20.00 80.00 0.00 0.00 0.00 0.00 0.00
1280690.00 5752.00 13.00 80.00 0.00 0.00 0.00 0.00 0.00
1283693.00 5698.00 16.00 82.00 0.00 0.00 0.00 0.00 0.00
1286690.00 5641.00 8.00 80.00 0.00 0.00 0.00 0.00 0.00
1289690.00 5580.00 8.00 84.00 0.00 0.00 0.00 0.00 0.00
1292690.00 5526.00 8.00 88.00 0.00 0.00 0.00 0.00 0.00
1295691.00 5461.00 8.00 82.00 0.00 0.00 0.00 0.00 0.00
1298689.00 5402.00 0.00 84.00 0.00 0.00 0.00 0.00 0.00
1301690.00 5346.00 1.00 86.00 0.00 0.00 0.00 0.00 0.00
1304689.00 5278.00 4.00 80.00 0.00 0.00 0.00 0.00 0.00
1307683.00 5226.00 12.00 88.00 0.00 0.00 0.00 0.00 0.00
1310684.00 5161.00 12.00 86.00 0.00 0.00 0.00 0.00 0.00
1313684.00 5094.00 2.00 82.00 0.00 0.00 0.00 0.00 0.00
1316685.00 5038.00 12.00 90.00 0.00 0.00 0.00 0.00 0.00
1319687.00 4973.00 5.00 92.00 0.00 0.00 0.00 0.00 0.00
1322684.00 4912.00 8.00 90.00 0.00 0.00 0.00 0.00 0.00
1325683.00 4854.00 8.00 92.00 0.00 0.00 0.00 0.00 0.00
1328683.00 4787.00 8.00 96.00 0.00 0.00 0.00 0.00 0.00
1331686.00 4728.00 8.00 96.00 0.00 0.00 0.00 0.00 0.00
1334685.00 4660.00 8.00 96.00 0.00 0.00 0.00 0.00 0.00
1337684.00 4603.00 18.00 100.00 0.00 0.00 0.00 0.00 0.00
1340687.00 4542.00 19.00 104.00 0.00 0.00 0.00 0.00 0.00
1343683.00 4473.00 20.00 100.00 0.00 0.00 0.00 0.00 0.00
1346686.00 4413.00 18.00 104.00 0.00 0.00 0.00 0.00 0.00
1349685.00 4346.00 16.00 106.00 0.00 0.00 0.00 0.00 0.00
1352681.00 4288.00 24.00 108.00 0.00 0.00 0.00 0.00 0.00
1355683.00 4229.00 26.00 112.00 0.00 0.00 0.00 0.00 0.00
1358684.00 4163.00 28.00 112.00 0.00 0.00 0.00 0.00 0.00
1361682.00 4103.00 28.00 112.00 0.00 0.00 0.00 0.00 0.00
1364684.00 4038.00 40.00 116.00 0.00 0.00 0.00 0.00 0.00
1367681.00 3978.00 36.00 120.00 0.00 0.00 0.00 0.00 0.00
1370681.00 3920.00 40.00 130.00 0.00 0.00 0.00 0.00 0.00
1373682.00 3853.00 36.00 128.00 0.00 0.00 0.00 0.00 0.00
1376686.00 3788.00 42.00 129.00 0.00 0.00 0.00 0.00 0.00
1379684.00 3725.00 44.00 134.00 0.00 0.00 0.00 0.00 0.00
1382688.00 3670.00 43.00 136.00 0.00 0.00 0.00 0.00 0.00
1385684.00 3607.00 56.00 138.00 0.00 0.00 0.00 0.00 0.00
1388685.00 3543.00 56.00 144.00 0.00 0.00 0.00 0.00 0.00
1391685.00 3486.00 56.00 144.00 0.00 0.00 0.00 0.00 0.00
1394684.00 3419.00 56.00 146.00 0.00 0.00 0.00 0.00 0.00
1397686.00 3361.00 65.00 155.00 0.00 0.00 0.00 0.00 0.00
1400687.00 3298.00 72.00 160.00 0.00 0.00 0.00 0.00 0.00
1403684.00 3231.00 72.00 161.00 0.00 0.00 0.00 0.00 0.00
1406683.00 3172.00 80.00 172.00 0.00 0.00 0.00 0.00 0.00
1409683.00 3107.00 85.00 192.00 0.00 0.00 0.00 0.00 0.00
1412685.00 3051.00 90.00 180.00 0.00 0.00 0.00 0.00 0.00
1415685.00 2990.00 100.00 192.00 0.00 0.00 0.00 0.00 0.00
1418685.00 2926.00 104.00 192.00 0.00 0.00 0.00 0.00 0.00
1421678.00 2870.00 106.00 198.00 0.00 0.00 0.00 0.00 0.00
1424683.00 2805.00 120.00 208.00 0.00 0.00 0.00 0.00 0.00
1427680.00 2744.00 126.00 220.00 0.00 0.00 0.00 0.00 0.00
1430683.00 2684.00 130.00 224.00 0.00 0.00 0.00 0.00 0.00
1433684.00 2620.00 136.00 236.00 0.00 0.00 0.00 0.00 0.00
1436678.00 2562.00 142.00 240.00 0.00 0.00 0.00 0.00 0.00
1439682.00 2495.00 156.00 256.00 0.00 0.00 0.00 0.00 0.00
1442684.00 2437.00 162.00 256.00 0.00 0.00 0.00 0.00 0.00
1445683.00 2378.00 170.00 266.00 0.00 0.00 0.00 0.00 0.00
1448688.00 2319.00 184.00 272.00 0.00 0.00 0.00 0.00 0.00
1451684.00 2264.00 185.00 278.00 0.00 0.00 0.00 0.00 0.00
1454682.00 2197.00 196.00 294.00 0.00 0.00 0.00 0.00 0.00
1457685.00 2138.00 210.00 294.00 0.00 0.00 0.00 0.00 0.00
1460685.00 2081.00 216.00 304.00 0.00 0.00 0.00 0.00 0.00
1463684.00 2019.00 226.00 305.00 0.00 0.00 0.00 0.00 0.00
1466685.00 1962.00 232.00 320.00 0.00 0.00 0.00 0.00 0.00
1469684.00 1899.00 248.00 321.00 0.00 0.00 0.00 0.00 0.00
1472683.00 1835.00 253.00 324.00 0.00 0.00 0.00 0.00 0.00
1475680.00 1781.00 264.00 336.00 0.00 0.00 0.00 0.00 0.00
1478683.00 1716.00 273.00 340.00 0.00 0.00 0.00 0.00 0.00
1481684.00 1658.00 285.00 346.00 0.00 0.00 0.00 0.00 0.00
1484685.00 1601.00 296.00 354.00 0.00 0.00 0.00 0.00 0.00
1487676.00 1531.00 300.00 360.00 0.00 0.00 0.00 0.00 0.00
1490681.00 1478.00 320.00 368.00 0.00 0.00 0.00 0.00 0.00
1493682.00 1411.00 328.00 370.00 0.00 0.00 0.00 0.00 0.00
1496682.00 1353.00 335.00 377.00 0.00 0.00 0.00 0.00 0.00
1499684.00 1297.00 345.00 384.00 0.00 0.00 0.00 0.00 0.00
1502681.00 1233.00 360.00 385.00 0.00 0.00 0.00 0.00 0.00
1505684.00 1177.00 369.00 394.00 0.00 0.00 0.00 0.00 0.00
1508687.00 1118.00 377.00 400.00 0.00 0.00 0.00 0.00 0.00
1511685.00 1058.00 386.00 402.00 0.00 0.00 0.00 0.00 0.00
1514686.00 1003.00 392.00 408.00 0.00 0.00 0.00 0.00 0.00
1517685.00 935.00 404.00 416.00 0.00 0.00 0.00 0.00 0.00
1520686.00 880.00 412.00 420.00 0.00 0.00 0.00 0.00 0.00
1523684.00 829.00 424.00 425.00 0.00 0.00 0.00 0.00 0.00
1526684.00 759.00 429.00 432.00 0.00 0.00 0.00 0.00 0.00
1529687.00 699.00 440.00 434.00 0.00 0.00 0.00 0.00 0.00
1532686.00 636.00 440.00 440.00 0.00 0.00 0.00 0.00 0.00
1535684.00 576.00 441.00 448.00 0.00 0.00 0.00 0.00 0.00
1538683.00 522.00 442.00 452.00 0.00 0.00 8.00 0.00 0.00
1541682.00 458.00 452.00 458.00 0.00 0.00 10.00 0.00 0.00
1544685.00 404.00 456.00 464.00 0.00 0.00 16.00 0.00 0.00
1547687.00 347.00 466.00 465.00 0.00 0.00 22.00 0.00 0.00
1550684.00 284.00 472.00 472.00 0.00 0.00 32.00 0.00 0.00
1553684.00 230.00 476.00 480.00 0.00 0.00 40.00 0.00 0.00
1556687.00 172.00 482.00 484.00 0.00 0.00 49.00 0.00 0.00
1559683.00 115.00 481.00 489.00 0.00 0.00 64.00 0.00 0.00
1562690.00 59.00 488.00 496.00 0.00 0.00 72.00 0.00 0.00
1565692.00 -5.00 492.00 497.00 0.00 0.00 85.00 0.00 0.00
1588689.00 7405.00 505.00 548.00 0.00 0.00 240.00 192.00 0.00
1591691.00 7353.00 506.00 554.00 0.00 0.00 264.00 240.00 0.00
1594690.00 7297.00 504.00 560.00 0.00 0.00 292.00 286.00 0.00
1597688.00 7245.00 504.00 566.00 0.00 0.00 322.00 328.00 0.00
1600691.00 7191.00 506.00 570.00 0.00 0.00 360.00 375.00 0.00
1603692.00 7138.00 508.00 576.00 0.00 0.00 394.00 417.00 0.00
1606689.00 7083.00 510.00 576.00 0.00 0.00 432.00 456.00 0.00
1609693.00 7031.00 512.00 581.00 0.00 0.00 469.00 492.00 0.00
1612691.00 6974.00 512.00 586.00 0.00 0.00 516.00 528.00 0.00
1615685.00 6919.00 515.00 589.00 0.00 0.00 560.00 566.00 0.00
1618683.00 6863.00 520.00 592.00 0.00 0.00 602.00 605.00 0.00
1621678.00 6803.00 520.00 592.00 0.00 0.00 644.00 640.00 0.00
1624684.00 6751.00 520.00 592.00 0.00 0.00 688.00 676.00 0.00
1627687.00 6689.00 528.00 593.00 0.00 0.00 732.00 715.00 0.00
1630685.00 6628.00 526.00 596.00 0.00 0.00 778.00 756.00 0.00
1633685.00 6568.00 530.00 594.00 0.00 0.00 822.00 790.00 0.00
1636684.00 6506.00 536.00 598.00 0.00 0.00 866.00 821.00 0.00
1639682.00 6445.00 542.00 594.00 0.00 0.00 908.00 852.00 0.00
1642684.00 6383.00 546.00 594.00 0.00 0.00 944.00 877.00 0.00
1645683.00 6320.00 552.00 592.00 0.00 0.00 980.00 902.00 0.00
1648685.00 6258.00 556.00 592.00 0.00 0.00 1012.00 931.00 0.00
1651686.00 6194.00 561.00 592.00 0.00 0.00 1045.00 958.00 0.00
1654687.00 6138.00 568.00 592.00 0.00 0.00 1070.00 983.00 0.00
1657685.00 6075.00 569.00 588.00 0.00 0.00 1090.00 1006.00 0.00
1660685.00 6015.00 581.00 588.00 0.00 0.00 1113.00 1034.00 0.00
1663683.00 5951.00 584.00 584.00 0.00 0.00 1136.00 1053.00 0.00
1666682.00 5891.00 588.00 584.00 0.00 0.00 1153.00 1076.00 0.00
1669683.00 5835.00 592.00 581.00 0.00 0.00 1168.00 1092.00 0.00
1672683.00 5771.00 590.00 580.00 0.00 0.00 1184.00 1105.00 0.00
1675685.00 5712.00 596.00 578.00 0.00 0.00 1197.00 1120.00 0.00
1678683.00 5650.00 600.00 576.00 0.00 0.00 1203.00 1134.00 0.00
1681681.00 5587.00 608.00 576.00 0.00 0.00 1213.00 1149.00 0.00
1684687.00 5535.00 610.00 576.00 0.00 0.00 1216.00 1161.00 0.00
1687682.00 5470.00 616.00 576.00 0.00 0.00 1219.00 1173.00 0.00
1690684.00 5409.00 613.00 576.00 0.00 0.00 1225.00 1184.00 0.00
1693684.00 5348.00 616.00 576.00 0.00 0.00 1232.00 1191.00 0.00
1696682.00 5282.00 617.00 572.00 0.00 0.00 1237.00 1201.00 0.00
1699681.00 5228.00 622.00 576.00 0.00 0.00 1244.00 1211.00 0.00
1702681.00 5162.00 621.00 572.00 0.00 0.00 1248.00 1210.00 0.00
1705683.00 5105.00 621.00 576.00 0.00 0.00 1258.00 1213.00 0.00
1708684.00 5046.00 626.00 572.00 0.00 0.00 1260.00 1219.00 0.00
1711685.00 4978.00 628.00 565.00 0.00 0.00 1263.00 1220.00 0.00
1714685.00 4925.00 632.00 568.00 0.00 0.00 1264.00 1227.00 0.00
1717686.00 4860.00 632.00 569.00 0.00 0.00 1266.00 1221.00 0.00
1720681.00 4799.00 634.00 564.00 0.00 0.00 1266.00 1229.00 0.00
1723683.00 4739.00 632.00 568.00 0.00 0.00 1270.00 1227.00 0.00
1726683.00 4675.00 633.00 568.00 0.00 0.00 1272.00 1227.00 0.00
1729692.00 4624.00 633.00 568.00 0.00 0.00 1274.00 1231.00 0.00
1732683.00 4558.00 632.00 569.00 0.00 0.00 1276.00 1225.00 0.00
1735685.00 4496.00 632.00 565.00 0.00 0.00 1280.00 1220.00 0.00
1738684.00 4444.00 632.00 564.00 0.00 0.00 1280.00 1220.00 0.00
1741678.00 4373.00 632.00 570.00 0.00 0.00 1280.00 1220.00 0.00
1744688.00 4316.00 632.00 569.00 0.00 0.00 1280.00 1225.00 0.00
1747687.00 4256.00 634.00 565.00 0.00 0.00 1280.00 1227.00 0.00
1750685.00 4191.00 636.00 565.00 0.00 0.00 1277.00 1230.00 0.00
1753682.00 4134.00 633.00 569.00 0.00 0.00 1275.00 1233.00 0.00
1756689.00 4067.00 634.00 564.00 0.00 0.00 1280.00 1235.00 0.00
1759686.00 4012.00 633.00 564.00 0.00 0.00 1277.00 1235.00 0.00
1762686.00 3954.00 632.00 569.00 0.00 0.00 1276.00 1235.00 0.00
1765685.00 3885.00 629.00 568.00 0.00 0.00 1277.00 1235.00 0.00
1768685.00 3833.00 632.00 570.00 0.00 0.00 1280.00 1235.00 0.00
1771688.00 3768.00 632.00 568.00 0.00 0.00 1280.00 1235.00 0.00
1774683.00 3705.00 632.00 576.00 0.00 0.00 1280.00 1235.00 0.00
1777686.00 3647.00 634.00 570.00 0.00 0.00 1281.00 1235.00 0.00
1780684.00 3582.00 633.00 572.00 0.00 0.00 1280.00 1235.00 0.00
1783684.00 3524.00 632.00 566.00 0.00 0.00 1280.00 1235.00 0.00
1786684.00 3458.00 632.00 570.00 0.00 0.00 1280.00 1235.00 0.00
1789683.00 3401.00 632.00 570.00 0.00 0.00 1276.00 1253.00 0.00
1792685.00 3344.00 628.00 569.00 0.00 0.00 1276.00 1253.00 0.00
1795684.00 3280.00 627.00 568.00 0.00 0.00 1280.00 1252.00 0.00
1798685.00 3224.00 632.00 572.00 0.00 0.00 1280.00 1255.00 0.00
1801687.00 3162.00 628.00 576.00 0.00 0.00 1276.00 1252.00 0.00
1804686.00 3096.00 626.00 570.00 0.00 0.00 1277.00 1235.00 0.00
1807681.00 3041.00 632.00 570.00 0.00 0.00 1280.00 1252.00 0.00
1810687.00 2974.00 632.00 569.00 0.00 0.00 1277.00 1252.00 0.00
1813684.00 2919.00 632.00 571.00 0.00 0.00 1273.00 1255.00 0.00
1816685.00 2861.00 632.00 572.00 0.00 0.00 1272.00 1255.00 0.00
1819684.00 2798.00 633.00 569.00 0.00 0.00 1271.00 1260.00 0.00
1822683.00 2742.00 632.00 569.00 0.00 0.00 1273.00 1262.00 0.00
1825686.00 2674.00 632.00 568.00 0.00 0.00 1268.00 1259.00 0.00
1828684.00 2618.00 637.00 565.00 0.00 0.00 1265.00 1270.00 0.00
1831683.00 2561.00 636.00 564.00 0.00 0.00 1266.00 1271.00 0.00
1834683.00 2495.00 636.00 564.00 0.00 0.00 1264.00 1269.00 0.00
1837684.00 2438.00 636.00 568.00 0.00 0.00 1265.00 1269.00 0.00
1840684.00 2378.00 634.00 564.00 0.00 0.00 1264.00 1268.00 0.00
1843686.00 2320.00 632.00 564.00 0.00 0.00 1264.00 1270.00 0.00
1846683.00 2262.00 632.00 565.00 0.00 0.00 1265.00 1268.00 0.00
1849684.00 2195.00 632.00 562.00 0.00 0.00 1264.00 1271.00 0.00
1852682.00 2138.00 635.00 564.00 0.00 0.00 1262.00 1279.00 0.00
1855683.00 2083.00 636.00 561.00 0.00 0.00 1262.00 1284.00 0.00
1858683.00 2022.00 638.00 576.00 0.00 0.00 1261.00 1284.00 0.00
1861685.00 1966.00 634.00 560.00 0.00 0.00 1258.00 1283.00 0.00
1864687.00 1904.00 634.00 563.00 0.00 0.00 1262.00 1280.00 0.00
1867687.00 1842.00 625.00 564.00 0.00 0.00 1264.00 1279.00 0.00
1870687.00 1790.00 632.00 570.00 0.00 0.00 1262.00 1284.00 0.00
1873686.00 1729.00 628.00 568.00 0.00 0.00 1264.00 1282.00 0.00
1876685.00 1668.00 622.00 566.00 0.00 0.00 1264.00 1275.00 0.00
1879687.00 1608.00 626.00 576.00 0.00 0.00 1266.00 1274.00 0.00
1882682.00 1544.00 620.00 576.00 0.00 0.00 1280.00 1258.00 0.00
1885684.00 1485.00 618.00 576.00 0.00 0.00 1281.00 1254.00 0.00
1888684.00 1424.00 610.00 576.00 0.00 0.00 1288.00 1235.00 0.00
1891685.00 1368.00 607.00 576.00 0.00 0.00 1292.00 1235.00 0.00
1894684.00 1312.00 605.00 576.00 0.00 0.00 1291.00 1235.00 0.00
1897683.00 1250.00 605.00 576.00 0.00 0.00 1290.00 1235.00 0.00
1900687.00 1196.00 600.00 580.00 0.00 0.00 1294.00 1235.00 0.00
1903687.00 1137.00 598.00 584.00 0.00 0.00 1295.00 1235.00 0.00
1906682.00 1078.00 596.00 587.00 0.00 0.00 1301.00 1233.00 0.00
1909686.00 1022.00 600.00 585.00 0.00 0.00 1301.00 1232.00 0.00
1912686.00 964.00 597.00 590.00 0.00 0.00 1301.00 1229.00 0.00
1915686.00 905.00 593.00 588.00 0.00 0.00 1302.00 1230.00 0.00
1918685.00 844.00 594.00 592.00 0.00 0.00 1306.00 1227.00 0.00
1921684.00 791.00 586.00 592.00 0.00 0.00 1306.00 1222.00 0.00
1924685.00 733.00 586.00 592.00 0.00 0.00 1305.00 1220.00 0.00
1927684.00 675.00 586.00 593.00 2.00 0.00 1309.00 1219.00 0.00
1930684.00 617.00 584.00 592.00 2.00 0.00 1312.00 1213.00 0.00
1933685.00 555.00 584.00 594.00 4.00 0.00 1313.00 1214.00 0.00
1936685.00 501.00 581.00 598.00 4.00 0.00 1314.00 1210.00 0.00
1939684.00 439.00 576.00 596.00 6.00 0.00 1321.00 1205.00 0.00
1942685.00 381.00 574.00 596.00 4.00 0.00 1321.00 1199.00 0.00
1945687.00 329.00 572.00 604.00 8.00 0.00 1325.00 1200.00 0.00
1968685.00 7399.00 552.00 600.00 16.00 0.00 1337.00 1182.00 0.00
1971691.00 7347.00 548.00 597.00 16.00 0.00 1333.00 1188.00 0.00
1974684.00 7282.00 546.00 594.00 16.00 0.00 1334.00 1185.00 0.00
1977690.00 7229.00 537.00 594.00 12.00 0.00 1342.00 1184.00 0.00
1980690.00 7168.00 532.00 592.00 10.00 0.00 1343.00 1179.00 0.00
1983691.00 7105.00 530.00 586.00 12.00 0.00 1340.00 1177.00 0.00
1986691.00 7058.00 529.00 580.00 8.00 0.00 1344.00 1178.00 0.00
1989692.00 6992.00 530.00 576.00 8.00 0.00 1340.00 1187.00 0.00
1992683.00 6932.00 526.00 563.00 4.00 0.00 1334.00 1184.00 0.00
1995682.00 6873.00 528.00 560.00 4.00 0.00 1333.00 1190.00 0.00
1998685.00 6811.00 528.00 554.00 8.00 0.00 1328.00 1201.00 0.00
2001684.00 6760.00 525.00 544.00 10.00 0.00 1329.00 1200.00 0.00
2004685.00 6694.00 528.00 530.00 12.00 0.00 1326.00 1204.00 0.00
2007683.00 6631.00 520.00 528.00 9.00 0.00 1325.00 1209.00 0.00
2010684.00 6574.00 530.00 522.00 16.00 0.00 1320.00 1217.00 0.00
2013683.00 6516.00 532.00 500.00 12.00 0.00 1318.00 1218.00 0.00
2016686.00 6459.00 530.00 496.00 12.00 0.00 1316.00 1219.00 0.00
2019683.00 6398.00 526.00 482.00 16.00 0.00 1312.00 1220.00 0.00
2022684.00 6339.00 522.00 472.00 16.00 0.00 1310.00 1221.00 0.00
2025684.00 6277.00 516.00 460.00 16.00 0.00 1301.00 1231.00 0.00
2028684.00 6217.00 514.00 448.00 16.00 0.00 1299.00 1233.00 0.00
2031684.00 6161.00 516.00 432.00 16.00 0.00 1296.00 1235.00 0.00
2034684.00 6100.00 504.00 419.00 16.00 0.00 1294.00 1235.00 0.00
2037685.00 6039.00 496.00 416.00 16.00 0.00 1293.00 1235.00 0.00
2040684.00 5976.00 494.00 394.00 16.00 0.00 1290.00 1235.00 0.00
2043684.00 5914.00 488.00 384.00 16.00 0.00 1288.00 1252.00 0.00
2046685.00 5857.00 473.00 368.00 16.00 0.00 1286.00 1252.00 0.00
2049685.00 5799.00 462.00 363.00 16.00 0.00 1287.00 1252.00 0.00
2052684.00 5740.00 452.00 348.00 16.00 0.00 1286.00 1235.00 0.00
2055687.00 5674.00 441.00 332.00 16.00 0.00 1285.00 1235.00 0.00
2058683.00 5614.00 440.00 321.00 16.00 0.00 1282.00 1252.00 0.00
2061679.00 5560.00 424.00 308.00 16.00 0.00 1282.00 1235.00 0.00
2064678.00 5493.00 414.00 290.00 16.00 0.00 1280.00 1252.00 0.00
2067684.00 5436.00 393.00 292.00 16.00 0.00 1284.00 1235.00 0.00
2070682.00 5373.00 380.00 290.00 18.00 0.00 1283.00 1235.00 0.00
2073683.00 5308.00 360.00 272.00 18.00 0.00 1280.00 1235.00 0.00
2076684.00 5254.00 356.00 256.00 20.00 0.00 1276.00 1235.00 0.00
2079678.00 5186.00 332.00 256.00 17.00 0.00 1280.00 1235.00 0.00
2082684.00 5132.00 320.00 243.00 20.00 0.00 1275.00 1235.00 0.00
2085685.00 5075.00 290.00 236.00 19.00 0.00 1270.00 1235.00 0.00
2088686.00 5008.00 274.00 228.00 20.00 0.00 1274.00 1229.00 0.00
2091687.00 4953.00 266.00 224.00 20.00 0.00 1270.00 1229.00 0.00
2094689.00 4883.00 248.00 210.00 18.00 0.00 1264.00 1220.00 0.00
2097681.00 4826.00 241.00 208.00 20.00 0.00 1260.00 1220.00 0.00
2100684.00 4767.00 232.00 194.00 24.00 0.00 1257.00 1215.00 0.00
2103683.00 4702.00 224.00 192.00 24.00 0.00 1248.00 1204.00 0.00
2106686.00 4647.00 210.00 184.00 24.00 0.00 1239.00 1198.00 0.00
2109687.00 4582.00 190.00 176.00 26.00 0.00 1232.00 1182.00 0.00
2112688.00 4524.00 176.00 176.00 26.00 0.00 1231.00 1166.00 0.00
2115687.00 4469.00 160.00 170.00 26.00 0.00 1224.00 1146.00 0.00
2118683.00 4398.00 146.00 164.00 32.00 0.00 1216.00 1124.00 0.00
2121684.00 4339.00 141.00 156.00 28.00 0.00 1200.00 1103.00 0.00
2124680.00 4275.00 136.00 152.00 26.00 0.00 1184.00 1074.00 0.00
2127685.00 4217.00 120.00 146.00 28.00 0.00 1168.00 1045.00 0.00
2130689.00 4156.00 108.00 144.00 32.00 0.00 1152.00 1002.00 0.00
2133686.00 4092.00 96.00 136.00 32.00 0.00 1133.00 954.00 0.00
2136683.00 4035.00 90.00 128.00 32.00 0.00 1106.00 900.00 0.00
2139686.00 3977.00 85.00 128.00 36.00 0.00 1088.00 837.00 0.00
2142686.00 3918.00 76.00 128.00 35.00 0.00 1058.00 788.00 0.00
2145683.00 3859.00 72.00 121.00 34.00 0.00 1022.00 740.00 0.00
2148684.00 3794.00 65.00 113.00 32.00 0.00 994.00 699.00 0.00
2151684.00 3735.00 66.00 112.00 36.00 0.00 960.00 671.00 0.00
2154687.00 3679.00 57.00 112.00 36.00 0.00 928.00 644.00 0.00
2157684.00 3616.00 57.00 112.00 36.00 0.00 889.00 631.00 0.00
2160683.00 3559.00 56.00 112.00 36.00 0.00 850.00 612.00 0.00
2163683.00 3495.00 50.00 105.00 41.00 0.00 813.00 580.00 0.00
2166685.00 3435.00 56.00 105.00 40.00 0.00 768.00 552.00 0.00
2169684.00 3378.00 43.00 104.00 42.00 0.00 720.00 511.00 0.00
2172686.00 3316.00 40.00 100.00 44.00 0.00 668.00 468.00 0.00
2175678.00 3257.00 36.00 97.00 45.00 0.00 618.00 420.00 0.00
2178685.00 3199.00 40.00 96.00 48.00 0.00 565.00 363.00 0.00
2181681.00 3133.00 40.00 96.00 44.00 0.00 510.00 298.00 0.00
2184683.00 3075.00 40.00 96.00 48.00 0.00 459.00 240.00 0.00
2187681.00 3012.00 40.00 96.00 48.00 0.00 408.00 174.00 0.00
2190683.00 2954.00 36.00 96.00 48.00 0.00 364.00 128.00 0.00
2193682.00 2895.00 30.00 92.00 48.00 0.00 320.00 84.00 0.00
2196680.00 2830.00 26.00 96.00 48.00 0.00 288.00 52.00 0.00
2199680.00 2770.00 34.00 92.00 50.00 0.00 256.00 25.00 0.00
2202683.00 2711.00 33.00 96.00 48.00 0.00 218.00 4.00 0.00
2205687.00 2653.00 38.00 92.00 48.00 0.00 193.00 0.00 0.00
2208682.00 2594.00 34.00 88.00 53.00 0.00 173.00 0.00 0.00
2211683.00 2531.00 34.00 88.00 52.00 0.00 152.00 0.00 0.00
2214687.00 2475.00 34.00 96.00 53.00 0.00 136.00 0.00 0.00
2217687.00 2419.00 40.00 90.00 57.00 0.00 120.00 0.00 0.00
2220687.00 2356.00 40.00 88.00 58.00 0.00 100.00 0.00 0.00
2223685.00 2300.00 40.00 92.00 64.00 0.00 80.00 0.00 0.00
2226685.00 2242.00 41.00 96.00 64.00 0.00 68.00 0.00 0.00
2229686.00 2178.00 36.00 92.00 64.00 0.00 58.00 0.00 0.00
2232686.00 2117.00 24.00 96.00 64.00 0.00 48.00 0.00 0.00
2235682.00 2059.00 24.00 96.00 64.00 0.00 38.00 0.00 0.00
2238685.00 2004.00 14.00 98.00 64.00 0.00 34.00 0.00 0.00
2241685.00 1943.00 12.00 96.00 64.00 0.00 25.00 0.00 0.00
2244683.00 1885.00 18.00 97.00 64.00 0.00 20.00 0.00 0.00
2247683.00 1822.00 12.00 98.00 64.00 0.00 16.00 0.00 0.00
2250683.00 1771.00 16.00 96.00 66.00 0.00 16.00 0.00 0.00
2253683.00 1708.00 24.00 96.00 66.00 0.00 8.00 0.00 0.00
2256684.00 1651.00 24.00 100.00 68.00 0.00 6.00 0.00 0.00
2259684.00 1598.00 18.00 99.00 72.00 0.00 0.00 0.00 0.00
2262686.00 1531.00 24.00 97.00 72.00 0.00 0.00 0.00 0.00
2265684.00 1478.00 28.00 102.00 76.00 0.00 0.00 0.00 0.00
2268685.00 1425.00 32.00 100.00 76.00 0.00 0.00 0.00 0.00
2271685.00 1356.00 17.00 100.00 80.00 0.00 0.00 0.00 0.00
2274684.00 1303.00 26.00 98.00 80.00 2.00 0.00 0.00 0.00
2277686.00 1246.00 24.00 100.00 80.00 0.00 0.00 0.00 0.00
2280684.00 1180.00 20.00 100.00 82.00 1.00 0.00 0.00 0.00
2283683.00 1131.00 29.00 101.00 82.00 4.00 0.00 0.00 0.00
2286684.00 1065.00 40.00 100.00 84.00 5.00 0.00 0.00 0.00
2289686.00 1009.00 40.00 105.00 84.00 8.00 0.00 0.00 0.00
2292684.00 955.00 45.00 100.00 88.00 4.00 0.00 0.00 0.00
2295684.00 886.00 48.00 104.00 89.00 12.00 0.00 0.00 0.00
2298685.00 833.00 48.00 104.00 96.00 12.00 0.00 0.00 0.00
2301686.00 776.00 41.00 104.00 92.00 10.00 0.00 0.00 0.00
2304685.00 713.00 34.00 104.00 92.00 10.00 0.00 0.00 0.00
2307684.00 658.00 44.00 104.00 96.00 16.00 0.00 0.00 0.00
2310682.00 592.00 40.00 104.00 96.00 12.00 0.00 0.00 0.00
2313682.00 531.00 40.00 104.00 96.00 16.00 0.00 0.00 0.00
2316686.00 481.00 44.00 107.00 104.00 16.00 0.00 0.00 0.00
2319686.00 411.00 40.00 107.00 104.00 16.00 0.00 0.00 0.00
